9,1500538660567,0.0,0.0,0.0
9,1500538660570,-0.15808105,-2.5898438,9.453125
9,1500538660621,-0.24206543,-2.5390625,9.46875
9,1500538660624,-0.14196777,-2.5625,9.4609375
9,1500538660626,-0.111572266,-2.5410156,9.46875
9,1500538660685,-0.18200684,-2.5742188,9.453125
9,1500538660689,-0.1159668,-2.59375,9.453125
9,1500538660691,-0.19421387,-2.5097656,9.4765625
9,1500538660743,-0.15808105,-2.5507813,9.4609375
9,1500538660746,-0.21142578,-2.5292969,9.46875
9,1500538660749,-0.14172363,-2.5605469,9.4609375
9,1500538660804,-0.14221191,-2.5605469,9.4609375
9,1500538660807,-0.1430664,-2.5566406,9.4609375
9,1500538660808,-0.14379883,-2.5546875,9.4609375
9,1500538660864,-0.14416504,-2.5546875,9.4609375
9,1500538660867,-0.13269043,-2.6171875,9.4453125
9,1500538660869,-0.13183594,-2.6171875,9.4453125
9,1500538660925,-0.1303711,-2.6171875,9.4453125
9,1500538660927,-0.12683105,-2.6171875,9.4453125
9,1500538660929,-0.123535156,-2.6171875,9.4453125
9,1500538660989,-0.13452148,-2.5839844,9.453125
9,1500538660992,-0.1348877,-2.5839844,9.453125
9,1500538660994,-0.13305664,-2.5839844,9.453125
9,1500538661048,-0.1295166,-2.5839844,9.453125
9,1500538661050,-0.12646484,-2.5839844,9.453125
9,1500538661053,-0.17407227,-2.5566406,9.4609375
9,1500538661109,-0.17456055,-2.5566406,9.4609375
9,1500538661113,-0.17285156,-2.5566406,9.4609375
9,1500538661115,-0.16967773,-2.5566406,9.4609375
9,1500538661171,-0.16638184,-2.5566406,9.4609375
9,1500538661174,-0.15759277,-2.5664063,9.4609375
9,1500538661176,-0.15307617,-2.5664063,9.4609375
9,1500538661230,-0.14904785,-2.5664063,9.4609375
9,1500538661234,-0.14477539,-2.5664063,9.4609375
9,1500538661237,-0.14147949,-2.5664063,9.4609375
9,1500538661290,-0.14331055,-2.5566406,9.4609375
9,1500538661294,-0.14221191,-2.5566406,9.4609375
9,1500538661299,-0.14074707,-2.5566406,9.4609375
9,1500538661352,-0.14111328,-2.5566406,9.4609375
9,1500538661355,-0.14135742,-2.5566406,9.4609375
9,1500538661357,-0.12915039,-2.5605469,9.4609375
9,1500538661414,-0.12988281,-2.5605469,9.4609375
9,1500538661416,-0.12915039,-2.5605469,9.4609375
9,1500538661418,-0.12695313,-2.5605469,9.4609375
9,1500538661477,-0.12634277,-2.5605469,9.4609375
9,1500538661480,-0.12487793,-2.5605469,9.4609375
9,1500538661482,-0.12524414,-2.5605469,9.4609375
9,1500538661536,-0.12609863,-2.5605469,9.4609375
9,1500538661539,-0.12646484,-2.5605469,9.4609375
9,1500538661543,-0.12646484,-2.5605469,9.4609375
9,1500538661595,-0.13085938,-2.5585938,9.4609375
9,1500538661600,-0.12756348,-2.5585938,9.4609375
9,1500538661602,-0.12426758,-2.5585938,9.4609375
9,1500538661655,-0.120788574,-2.5585938,9.4609375
9,1500538661658,-0.11627197,-2.5585938,9.4609375
9,1500538661661,-0.10913086,-2.5507813,9.4609375
9,1500538661716,-0.10632324,-2.5507813,9.4609375
9,1500538661721,-0.10412598,-2.5507813,9.4609375
9,1500538661725,-0.101623535,-2.5507813,9.4609375
9,1500538661776,-0.09851074,-2.5507813,9.4609375
9,1500538661779,-0.10235596,-2.5488281,9.46875
9,1500538661781,-0.09954834,-2.5488281,9.46875
9,1500538661844,-0.098083496,-2.5488281,9.46875
9,1500538661850,-0.098083496,-2.5488281,9.46875
9,1500538661862,-0.098083496,-2.5488281,9.46875
9,1500538661890,-0.097961426,-2.5507813,9.4609375
9,1500538661894,-0.09832764,-2.5507813,9.4609375
9,1500538661938,-0.09875488,-2.5507813,9.4609375
9,1500538661941,-0.09875488,-2.5507813,9.4609375
9,1500538661943,-0.097351074,-2.5507813,9.4609375
9,1500538662000,-0.09075928,-2.5449219,9.46875
9,1500538662004,-0.0892334,-2.5449219,9.46875
9,1500538662006,-0.090026855,-2.5449219,9.46875
9,1500538662061,-0.09094238,-2.5449219,9.46875
9,1500538662065,-0.08996582,-2.5449219,9.46875
9,1500538662068,-0.09112549,-2.5429688,9.46875
9,1500538662122,-0.08898926,-2.5429688,9.46875
9,1500538662125,-0.08648682,-2.5429688,9.46875
9,1500538662127,-0.08544922,-2.5429688,9.46875
9,1500538662182,-0.08477783,-2.5429688,9.46875
9,1500538662188,-0.08673096,-2.5410156,9.46875
9,1500538662191,-0.08538818,-2.5410156,9.46875
9,1500538662244,-0.08538818,-2.5410156,9.46875
9,1500538662248,-0.08404541,-2.5410156,9.46875
9,1500538662251,-0.08306885,-2.5410156,9.46875
9,1500538662305,-0.08514404,-2.5429688,9.46875
9,1500538662308,-0.084106445,-2.5429688,9.46875
9,1500538662310,-0.08453369,-2.5429688,9.46875
9,1500538662365,-0.08526611,-2.5429688,9.46875
9,1500538662369,-0.085998535,-2.5429688,9.46875
9,1500538662372,-0.08947754,-2.5410156,9.46875
9,1500538662425,-0.0904541,-2.5410156,9.46875
9,1500538662430,-0.091918945,-2.5410156,9.46875
9,1500538662433,-0.096191406,-2.5410156,9.46875
9,1500538662486,-0.09246826,-2.5410156,9.46875
9,1500538662490,-0.08850098,-2.5410156,9.46875
9,1500538662493,-0.08453369,-2.5410156,9.46875
9,1500538662547,-0.07977295,-2.5410156,9.46875
9,1500538662551,-0.072631836,-2.5429688,9.46875
9,1500538662554,-0.07269287,-2.5429688,9.46875
9,1500538662609,-0.07244873,-2.5449219,9.46875
9,1500538662613,-0.072631836,-2.5449219,9.46875
9,1500538662615,-0.07043457,-2.5429688,9.46875
9,1500538662671,-0.06555176,-2.5429688,9.46875
9,1500538662674,-0.06311035,-2.5429688,9.46875
9,1500538662678,-0.06585693,-2.5429688,9.46875
9,1500538662732,-0.0670166,-2.5429688,9.46875
9,1500538662735,-0.068237305,-2.5429688,9.46875
9,1500538662737,-0.06402588,-2.5429688,9.46875
9,1500538662791,-0.05947876,-2.5429688,9.46875
9,1500538662794,-0.058044434,-2.5429688,9.46875
9,1500538662796,-0.05404663,-2.5429688,9.46875
9,1500538662850,-0.048339844,-2.5429688,9.46875
9,1500538662855,-0.042175293,-2.5429688,9.46875
9,1500538662857,-0.036590576,-2.5429688,9.46875
9,1500538662913,-0.03866577,-2.5429688,9.46875
9,1500538662916,-0.03845215,-2.5429688,9.46875
9,1500538662920,-0.03579712,-2.5429688,9.46875
9,1500538662973,-0.036132813,-2.5429688,9.46875
9,1500538662976,-0.037872314,-2.5429688,9.46875
9,1500538662979,-0.038391113,-2.5429688,9.46875
9,1500538663035,-0.04006958,-2.5429688,9.46875
9,1500538663043,-0.04397583,-2.5429688,9.46875
9,1500538663051,-0.045532227,-2.5429688,9.46875
9,1500538663093,-0.046661377,-2.5429688,9.46875
9,1500538663096,-0.048583984,-2.5429688,9.46875
9,1500538663098,-0.048950195,-2.5429688,9.46875
9,1500538663156,-0.051574707,-2.5429688,9.46875
9,1500538663159,-0.0519104,-2.5429688,9.46875
9,1500538663161,-0.0519104,-2.5429688,9.46875
9,1500538663215,-0.055145264,-2.5429688,9.46875
9,1500538663220,-0.056732178,-2.5429688,9.46875
9,1500538663223,-0.05999756,-2.5429688,9.46875
9,1500538663276,-0.061584473,-2.5429688,9.46875
9,1500538663281,-0.06311035,-2.5429688,9.46875
9,1500538663284,-0.06530762,-2.5429688,9.46875
9,1500538663337,-0.066833496,-2.5429688,9.46875
9,1500538663340,-0.064819336,-2.5410156,9.46875
9,1500538663342,-0.059539795,-2.5410156,9.46875
9,1500538663398,-0.055236816,-2.5410156,9.46875
9,1500538663402,-0.057769775,-2.5410156,9.46875
9,1500538663404,-0.059173584,-2.5410156,9.46875
9,1500538663458,-0.058380127,-2.5410156,9.46875
9,1500538663462,-0.054534912,-2.5410156,9.46875
9,1500538663464,-0.053985596,-2.5410156,9.46875
9,1500538663518,-0.05380249,-2.5410156,9.46875
9,1500538663521,-0.053588867,-2.5410156,9.46875
9,1500538663524,-0.056152344,-2.5390625,9.46875
9,1500538663581,-0.05758667,-2.5390625,9.46875
9,1500538663584,-0.059020996,-2.5390625,9.46875
9,1500538663589,-0.062438965,-2.5390625,9.46875
9,1500538663639,-0.058380127,-2.5390625,9.46875
9,1500538663642,-0.059906006,-2.5390625,9.46875
9,1500538663645,-0.060913086,-2.5390625,9.46875
9,1500538663704,-0.061950684,-2.5390625,9.46875
9,1500538663707,-0.06402588,-2.5390625,9.46875
9,1500538663709,-0.06439209,-2.5390625,9.46875
9,1500538663763,-0.06738281,-2.5371094,9.46875
9,1500538663765,-0.064575195,-2.5371094,9.46875
9,1500538663767,-0.058380127,-2.5371094,9.46875
9,1500538663823,-0.05899048,-2.5390625,9.46875
9,1500538663826,-0.05899048,-2.5390625,9.46875
9,1500538663829,-0.06121826,-2.5371094,9.46875
9,1500538663884,-0.06225586,-2.5371094,9.46875
9,1500538663887,-0.06335449,-2.5371094,9.46875
9,1500538663889,-0.064086914,-2.5371094,9.46875
9,1500538663947,-0.0635376,-2.5371094,9.46875
9,1500538663950,-0.0619812,-2.5371094,9.46875
9,1500538663952,-0.061950684,-2.5371094,9.46875
9,1500538664004,-0.06335449,-2.5371094,9.46875
9,1500538664007,-0.06591797,-2.5371094,9.46875
9,1500538664011,-0.06744385,-2.5371094,9.46875
9,1500538664067,-0.06939697,-2.5351563,9.46875
9,1500538664070,-0.07055664,-2.5351563,9.46875
9,1500538664073,-0.07092285,-2.5351563,9.46875
9,1500538664125,-0.07293701,-2.5351563,9.46875
9,1500538664130,-0.07165527,-2.5351563,9.46875
9,1500538664132,-0.06689453,-2.5351563,9.46875
9,1500538664187,-0.06793213,-2.5351563,9.46875
9,1500538664189,-0.06933594,-2.5351563,9.46875
9,1500538664191,-0.06878662,-2.5351563,9.46875
9,1500538664248,-0.064941406,-2.5351563,9.46875
9,1500538664251,-0.068115234,-2.5351563,9.46875
9,1500538664254,-0.06921387,-2.5332031,9.46875
9,1500538664309,-0.0703125,-2.5332031,9.46875
9,1500538664312,-0.07232666,-2.5351563,9.46875
9,1500538664315,-0.073913574,-2.5351563,9.46875
9,1500538664370,-0.0770874,-2.5332031,9.46875
9,1500538664375,-0.07519531,-2.5332031,9.46875
9,1500538664378,-0.07537842,-2.5332031,9.46875
9,1500538664429,-0.07714844,-2.5332031,9.46875
9,1500538664433,-0.0770874,-2.5332031,9.46875
9,1500538664435,-0.07244873,-2.5332031,9.46875
9,1500538664490,-0.06970215,-2.5332031,9.46875
9,1500538664495,-0.07006836,-2.5332031,9.46875
9,1500538664497,-0.07196045,-2.5332031,9.46875
9,1500538664550,-0.07318115,-2.5332031,9.46875
9,1500538664556,-0.068359375,-2.5332031,9.46875
9,1500538664558,-0.06414795,-2.5332031,9.46875
9,1500538664611,-0.06530762,-2.5332031,9.46875
9,1500538664614,-0.06750488,-2.5332031,9.46875
9,1500538664617,-0.06124878,-2.5332031,9.46875
9,1500538664672,-0.058410645,-2.53125,9.46875
9,1500538664675,-0.05987549,-2.53125,9.46875
9,1500538664679,-0.060943604,-2.53125,9.46875
9,1500538664735,-0.062469482,-2.53125,9.46875
9,1500538664738,-0.06402588,-2.53125,9.46875
9,1500538664740,-0.06402588,-2.53125,9.46875
9,1500538664798,-0.060668945,-2.53125,9.46875
9,1500538664801,-0.061798096,-2.53125,9.46875
9,1500538664803,-0.06304932,-2.53125,9.46875
9,1500538664855,-0.06304932,-2.53125,9.46875
9,1500538664858,-0.06384277,-2.53125,9.46875
9,1500538664860,-0.06500244,-2.53125,9.46875
9,1500538664916,-0.06536865,-2.53125,9.46875
9,1500538664920,-0.06677246,-2.53125,9.46875
9,1500538664923,-0.06378174,-2.53125,9.46875
9,1500538664976,-0.06390381,-2.53125,9.46875
9,1500538664979,-0.0657959,-2.53125,9.46875
9,1500538664982,-0.06604004,-2.53125,9.46875
9,1500538665037,-0.06347656,-2.53125,9.46875
9,1500538665040,-0.0637207,-2.53125,9.46875
9,1500538665042,-0.060333252,-2.53125,9.46875
9,1500538665099,-0.05758667,-2.53125,9.46875
9,1500538665102,-0.059936523,-2.53125,9.46875
9,1500538665104,-0.060272217,-2.53125,9.46875
9,1500538665160,-0.056243896,-2.53125,9.46875
9,1500538665163,-0.05593872,-2.53125,9.46875
9,1500538665166,-0.056274414,-2.53125,9.46875
9,1500538665219,-0.05722046,-2.53125,9.46875
9,1500538665223,-0.05822754,-2.53125,9.46875
9,1500538665227,-0.057678223,-2.53125,9.46875
9,1500538665280,-0.05166626,-2.53125,9.46875
9,1500538665283,-0.04675293,-2.53125,9.46875
9,1500538665286,-0.049316406,-2.5292969,9.46875
9,1500538665340,-0.045440674,-2.5292969,9.46875
9,1500538665344,-0.04510498,-2.5292969,9.46875
9,1500538665346,-0.0463562,-2.5292969,9.46875
9,1500538665402,-0.0463562,-2.5292969,9.46875
9,1500538665405,-0.048614502,-2.5292969,9.46875
9,1500538665419,-0.04837036,-2.5292969,9.46875
9,1500538665448,-0.04434204,-2.5292969,9.46875
9,1500538665450,-0.046142578,-2.5292969,9.46875
9,1500538665503,-0.047607422,-2.5292969,9.46875
9,1500538665508,-0.045959473,-2.5292969,9.46875
9,1500538665510,-0.04537964,-2.5292969,9.46875
9,1500538665565,-0.046844482,-2.5292969,9.46875
9,1500538665568,-0.04937744,-2.5292969,9.46875
9,1500538665571,-0.048187256,-2.5292969,9.46875
9,1500538665625,-0.050964355,-2.5273438,9.46875
9,1500538665629,-0.05267334,-2.5273438,9.46875
9,1500538665635,-0.05444336,-2.5273438,9.46875
9,1500538665688,-0.058135986,-2.5273438,9.46875
9,1500538665698,-0.05984497,-2.5273438,9.46875
9,1500538665704,-0.06210327,-2.5273438,9.46875
9,1500538665727,-0.06359863,-2.5273438,9.46875
9,1500538665730,-0.06524658,-2.5273438,9.46875
9,1500538665785,-0.068481445,-2.5273438,9.46875
9,1500538665789,-0.06994629,-2.5273438,9.46875
9,1500538665795,-0.071777344,-2.5273438,9.46875
9,1500538665847,-0.072143555,-2.5273438,9.46875
9,1500538665850,-0.07281494,-2.5273438,9.46875
9,1500538665857,-0.07537842,-2.5273438,9.46875
9,1500538665909,-0.07672119,-2.5253906,9.46875
9,1500538665913,-0.07788086,-2.5253906,9.46875
9,1500538665916,-0.07897949,-2.5253906,9.46875
9,1500538665971,-0.07910156,-2.5253906,9.46875
9,1500538665975,-0.07489014,-2.5253906,9.46875
9,1500538665978,-0.072387695,-2.5253906,9.46875
9,1500538666028,-0.07348633,-2.5253906,9.46875
9,1500538666032,-0.068359375,-2.5253906,9.46875
9,1500538666035,-0.061279297,-2.5253906,9.46875
9,1500538666090,-0.056732178,-2.5253906,9.46875
9,1500538666094,-0.0569458,-2.5253906,9.46875
9,1500538666098,-0.05886841,-2.5253906,9.46875
9,1500538666150,-0.05996704,-2.5253906,9.46875
9,1500538666154,-0.060302734,-2.5234375,9.46875
9,1500538666156,-0.061340332,-2.5234375,9.46875
9,1500538666211,-0.062927246,-2.5234375,9.46875
9,1500538666215,-0.0647583,-2.5234375,9.46875
9,1500538666218,-0.06488037,-2.5234375,9.46875
9,1500538666273,-0.061645508,-2.5234375,9.46875
9,1500538666276,-0.064941406,-2.5234375,9.46875
9,1500538666278,-0.06488037,-2.5214844,9.46875
9,1500538666334,-0.059509277,-2.5136719,9.4765625
9,1500538666336,-0.0592041,-2.5058594,9.4765625
9,1500538666339,-0.06072998,-2.5,9.4765625
9,1500538666394,-0.06341553,-2.4960938,9.4765625
9,1500538666398,-0.06500244,-2.4960938,9.4765625
9,1500538666402,-0.072387695,-2.4960938,9.4765625
9,1500538666456,-0.07922363,-2.4960938,9.4765625
9,1500538666459,-0.08062744,-2.4960938,9.4765625
9,1500538666462,-0.08203125,-2.4960938,9.4765625
9,1500538666518,-0.08203125,-2.4960938,9.4765625
9,1500538666521,-0.08343506,-2.4960938,9.4765625
9,1500538666523,-0.08343506,-2.4960938,9.4765625
9,1500538666576,-0.08343506,-2.4960938,9.4765625
9,1500538666579,-0.08520508,-2.4960938,9.4765625
9,1500538666581,-0.086364746,-2.4921875,9.4765625
9,1500538666636,-0.089904785,-2.4921875,9.4765625
9,1500538666641,-0.091918945,-2.4921875,9.4765625
9,1500538666644,-0.0892334,-2.4921875,9.4765625
9,1500538666697,-0.08691406,-2.4921875,9.4765625
9,1500538666700,-0.087524414,-2.4921875,9.4765625
9,1500538666704,-0.08276367,-2.4921875,9.4765625
9,1500538666759,-0.07373047,-2.4902344,9.484375
9,1500538666763,-0.06652832,-2.4902344,9.484375
9,1500538666765,-0.06317139,-2.4882813,9.484375
9,1500538666818,-0.058013916,-2.4882813,9.484375
9,1500538666822,-0.058685303,-2.4882813,9.484375
9,1500538666825,-0.053771973,-2.4882813,9.484375
9,1500538666879,-0.046691895,-2.4882813,9.484375
9,1500538666883,-0.044311523,-2.4902344,9.484375
9,1500538666885,-0.04586792,-2.4902344,9.484375
9,1500538666939,-0.048797607,-2.4902344,9.484375
9,1500538666943,-0.047698975,-2.4902344,9.484375
9,1500538666947,-0.04916382,-2.4902344,9.484375
9,1500538667001,-0.051330566,-2.4902344,9.484375
9,1500538667004,-0.052703857,-2.4902344,9.484375
9,1500538667007,-0.05419922,-2.4882813,9.484375
9,1500538667062,-0.052703857,-2.4882813,9.484375
9,1500538667065,-0.0524292,-2.4882813,9.484375
9,1500538667069,-0.053466797,-2.4882813,9.484375
9,1500538667122,-0.054473877,-2.4882813,9.484375
9,1500538667125,-0.053100586,-2.4882813,9.484375
9,1500538667129,-0.04849243,-2.4882813,9.484375
9,1500538667183,-0.046142578,-2.4882813,9.484375
9,1500538667186,-0.045806885,-2.4882813,9.484375
9,1500538667197,-0.04071045,-2.4882813,9.484375
9,1500538667245,-0.03857422,-2.4882813,9.484375
9,1500538667250,-0.040039063,-2.4882813,9.484375
9,1500538667252,-0.043914795,-2.4882813,9.484375
9,1500538667306,-0.04547119,-2.4882813,9.484375
9,1500538667309,-0.045806885,-2.4882813,9.484375
9,1500538667312,-0.047332764,-2.4882813,9.484375
9,1500538667365,-0.047332764,-2.4882813,9.484375
9,1500538667374,-0.049621582,-2.4882813,9.484375
9,1500538667376,-0.049621582,-2.4882813,9.484375
9,1500538667426,-0.049621582,-2.4882813,9.484375
9,1500538667429,-0.052459717,-2.4882813,9.484375
9,1500538667432,-0.05166626,-2.4882813,9.484375
9,1500538667486,-0.047607422,-2.4882813,9.484375
9,1500538667492,-0.041900635,-2.4882813,9.484375
9,1500538667498,-0.034973145,-2.4824219,9.484375
9,1500538667547,-0.029006958,-2.4765625,9.484375
9,1500538667553,-0.019638062,-2.4726563,9.484375
9,1500538667555,-0.012161255,-2.4726563,9.484375
9,1500538667610,-0.0060157776,-2.4726563,9.484375
9,1500538667613,7.814169E-5,-2.4726563,9.484375
9,1500538667615,0.0038013458,-2.4726563,9.484375
9,1500538667670,0.0036563873,-2.4726563,9.484375
9,1500538667673,0.005077362,-2.4726563,9.484375
9,1500538667675,0.010887146,-2.4726563,9.484375
9,1500538667733,0.016052246,-2.4726563,9.484375
9,1500538667737,0.0155181885,-2.4746094,9.484375
9,1500538667740,0.0151901245,-2.4746094,9.484375
9,1500538667793,0.013130188,-2.4746094,9.484375
9,1500538667797,0.012779236,-2.4746094,9.484375
9,1500538667799,0.011329651,-2.4746094,9.484375
9,1500538667851,0.0077285767,-2.4746094,9.484375
9,1500538667858,0.0061798096,-2.4746094,9.484375
9,1500538667861,0.0023269653,-2.4746094,9.484375
9,1500538667913,7.381439E-4,-2.4746094,9.484375
9,1500538667916,6.4229965E-4,-2.4746094,9.484375
9,1500538667922,0.0010299683,-2.4746094,9.484375
9,1500538667973,8.664131E-4,-2.4746094,9.484375
9,1500538667977,0.0017776489,-2.4707031,9.484375
9,1500538667980,0.0041770935,-2.4707031,9.484375
9,1500538668033,0.004016876,-2.4707031,9.484375
9,1500538668037,5.2690506E-4,-2.4707031,9.484375
9,1500538668041,-5.273819E-4,-2.4707031,9.484375
9,1500538668097,-0.0031337738,-2.4707031,9.484375
9,1500538668100,-0.0046310425,-2.4707031,9.484375
9,1500538668102,-0.005996704,-2.4707031,9.484375
9,1500538668156,-0.008666992,-2.4707031,9.484375
9,1500538668159,-0.00932312,-2.4707031,9.484375
9,1500538668162,-0.0110321045,-2.4707031,9.484375
9,1500538668217,-0.012496948,-2.4707031,9.484375
9,1500538668220,-0.0134887695,-2.4707031,9.484375
9,1500538668223,-0.016220093,-2.4726563,9.484375
9,1500538668278,-0.016555786,-2.4726563,9.484375
9,1500538668281,-0.01876831,-2.4726563,9.484375
9,1500538668283,-0.020187378,-2.4726563,9.484375
9,1500538668338,-0.016647339,-2.4726563,9.484375
9,1500538668342,-0.013786316,-2.4726563,9.484375
9,1500538668345,-0.013923645,-2.4726563,9.484375
9,1500538668402,-0.011398315,-2.4726563,9.484375
9,1500538668406,-0.006137848,-2.4726563,9.484375
9,1500538668408,3.979206E-4,-2.4726563,9.484375
9,1500538668459,0.0027656555,-2.4726563,9.484375
9,1500538668464,0.0013713837,-2.4726563,9.484375
9,1500538668466,-0.0019874573,-2.4726563,9.484375
9,1500538668520,-0.002117157,-2.4726563,9.484375
9,1500538668524,2.6988983E-4,-2.4726563,9.484375
9,1500538668527,-0.0030231476,-2.4726563,9.484375
9,1500538668585,-0.0018339157,-2.4726563,9.484375
9,1500538668588,-0.00466156,-2.4726563,9.484375
9,1500538668590,-0.006122589,-2.4726563,9.484375
9,1500538668642,-0.0071640015,-2.4726563,9.484375
9,1500538668646,-0.00472641,-2.4726563,9.484375
9,1500538668649,-0.004486084,-2.4726563,9.484375
9,1500538668703,-0.00605011,-2.4726563,9.484375
9,1500538668706,-0.0049858093,-2.4726563,9.484375
9,1500538668708,-0.005645752,-2.4726563,9.484375
9,1500538668764,-0.007347107,-2.4726563,9.484375
9,1500538668769,-0.008056641,-2.4726563,9.484375
9,1500538668771,-0.009994507,-2.4726563,9.484375
9,1500538668825,-0.009994507,-2.4726563,9.484375
9,1500538668828,-0.009994507,-2.4726563,9.484375
9,1500538668831,-0.011856079,-2.4726563,9.484375
9,1500538668886,-0.011856079,-2.4726563,9.484375
9,1500538668890,-0.013435364,-2.4726563,9.484375
9,1500538668892,-0.013435364,-2.4726563,9.484375
9,1500538668946,-0.014633179,-2.4726563,9.484375
9,1500538668949,-0.014633179,-2.4726563,9.484375
9,1500538668953,-0.014633179,-2.4726563,9.484375
9,1500538669008,-0.015701294,-2.4726563,9.484375
9,1500538669012,-0.015701294,-2.4726563,9.484375
9,1500538669016,-0.01713562,-2.4726563,9.484375
9,1500538669066,-0.01713562,-2.4726563,9.484375
9,1500538669069,-0.021438599,-2.4726563,9.484375
9,1500538669070,-0.029312134,-2.4726563,9.484375
9,1500538669130,-0.030639648,-2.4726563,9.484375
9,1500538669133,-0.032440186,-2.4726563,9.484375
9,1500538669135,-0.032440186,-2.4726563,9.484375
9,1500538669189,-0.032440186,-2.4726563,9.484375
9,1500538669194,-0.033935547,-2.4726563,9.484375
9,1500538669196,-0.033935547,-2.4726563,9.484375
9,1500538669249,-0.03579712,-2.4726563,9.484375
9,1500538669253,-0.03579712,-2.4726563,9.484375
9,1500538669256,-0.03579712,-2.4726563,9.484375
9,1500538669310,-0.037872314,-2.4726563,9.484375
9,1500538669314,-0.037872314,-2.4726563,9.484375
9,1500538669316,-0.0395813,-2.4726563,9.484375
9,1500538669371,-0.0395813,-2.4726563,9.484375
9,1500538669376,-0.0395813,-2.4726563,9.484375
9,1500538669378,-0.041107178,-2.4726563,9.484375
9,1500538669433,-0.041107178,-2.4726563,9.484375
9,1500538669436,-0.042785645,-2.4726563,9.484375
9,1500538669439,-0.042785645,-2.4726563,9.484375
9,1500538669494,-0.042785645,-2.4726563,9.484375
9,1500538669498,-0.044677734,-2.4726563,9.484375
9,1500538669500,-0.044677734,-2.4726563,9.484375
9,1500538669558,-0.04638672,-2.4726563,9.484375
9,1500538669561,-0.04638672,-2.4726563,9.484375
9,1500538669564,-0.04638672,-2.4726563,9.484375
9,1500538669615,-0.043823242,-2.4707031,9.484375
9,1500538669618,-0.04248047,-2.4707031,9.484375
9,1500538669620,-0.044036865,-2.4726563,9.484375
9,1500538669676,-0.044036865,-2.4726563,9.484375
9,1500538669679,-0.044036865,-2.4726563,9.484375
9,1500538669681,-0.045166016,-2.4726563,9.484375
9,1500538669736,-0.045166016,-2.4726563,9.484375
9,1500538669741,-0.047058105,-2.4726563,9.484375
9,1500538669744,-0.047058105,-2.4726563,9.484375
9,1500538669797,-0.047058105,-2.4726563,9.484375
9,1500538669800,-0.048431396,-2.4726563,9.484375
9,1500538669803,-0.048431396,-2.4726563,9.484375
9,1500538669859,-0.049682617,-2.4726563,9.484375
9,1500538669863,-0.049682617,-2.4726563,9.484375
9,1500538669866,-0.049682617,-2.4726563,9.484375
9,1500538669921,-0.05090332,-2.4726563,9.484375
9,1500538669925,-0.05090332,-2.4726563,9.484375
9,1500538669927,-0.052368164,-2.4726563,9.484375
9,1500538669982,-0.052368164,-2.4726563,9.484375
9,1500538669985,-0.052368164,-2.4726563,9.484375
9,1500538669987,-0.053955078,-2.4707031,9.484375
9,1500538670044,-0.053955078,-2.4707031,9.484375
9,1500538670046,-0.05508423,-2.4726563,9.484375
9,1500538670048,-0.05508423,-2.4726563,9.484375
9,1500538670101,-0.05508423,-2.4726563,9.484375
9,1500538670104,-0.056732178,-2.4707031,9.484375
9,1500538670107,-0.056732178,-2.4707031,9.484375
9,1500538670164,-0.057891846,-2.4707031,9.484375
9,1500538670167,-0.057891846,-2.4707031,9.484375
9,1500538670169,-0.057891846,-2.4707031,9.484375
9,1500538670224,-0.0592041,-2.4707031,9.484375
9,1500538670228,-0.0592041,-2.4707031,9.484375
9,1500538670231,-0.060424805,-2.4707031,9.484375
9,1500538670284,-0.060424805,-2.4707031,9.484375
9,1500538670287,-0.060424805,-2.4707031,9.484375
9,1500538670289,-0.06149292,-2.4707031,9.484375
9,1500538670346,-0.06149292,-2.4707031,9.484375
9,1500538670349,-0.062927246,-2.4707031,9.484375
9,1500538670352,-0.062927246,-2.4707031,9.484375
9,1500538670405,-0.062927246,-2.4707031,9.484375
9,1500538670414,-0.06414795,-2.4707031,9.484375
9,1500538670417,-0.06414795,-2.4707031,9.484375
9,1500538670466,-0.06530762,-2.4707031,9.484375
9,1500538670469,-0.06530762,-2.4707031,9.484375
9,1500538670472,-0.06530762,-2.4707031,9.484375
9,1500538670526,-0.06628418,-2.4707031,9.484375
9,1500538670530,-0.06628418,-2.4707031,9.484375
9,1500538670537,-0.06744385,-2.4707031,9.484375
9,1500538670587,-0.06744385,-2.4707031,9.484375
9,1500538670592,-0.06744385,-2.4707031,9.484375
9,1500538670595,-0.068603516,-2.4707031,9.484375
9,1500538670648,-0.068603516,-2.4707031,9.484375
9,1500538670652,-0.06976318,-2.4707031,9.484375
9,1500538670654,-0.06976318,-2.4707031,9.484375
9,1500538670709,-0.07128906,-2.4707031,9.484375
9,1500538670712,-0.07128906,-2.4707031,9.484375
9,1500538670714,-0.07128906,-2.4707031,9.484375
9,1500538670769,-0.07244873,-2.4707031,9.484375
9,1500538670773,-0.07244873,-2.4707031,9.484375
9,1500538670775,-0.07354736,-2.4726563,9.484375
9,1500538670830,-0.07354736,-2.4726563,9.484375
9,1500538670835,-0.07354736,-2.4726563,9.484375
9,1500538670842,-0.074401855,-2.4726563,9.484375
9,1500538670890,-0.074401855,-2.4726563,9.484375
9,1500538670895,-0.07543945,-2.4726563,9.484375
9,1500538670897,-0.07543945,-2.4726563,9.484375
9,1500538670951,-0.07543945,-2.4726563,9.484375
9,1500538670954,-0.076171875,-2.4726563,9.484375
9,1500538670957,-0.076171875,-2.4726563,9.484375
9,1500538671012,-0.07702637,-2.4726563,9.484375
9,1500538671016,-0.07702637,-2.4726563,9.484375
9,1500538671018,-0.07702637,-2.4726563,9.484375
9,1500538671074,-0.077819824,-2.4726563,9.484375
9,1500538671078,-0.077819824,-2.4726563,9.484375
9,1500538671080,-0.07897949,-2.4726563,9.484375
9,1500538671135,-0.07897949,-2.4726563,9.484375
9,1500538671137,-0.07897949,-2.4726563,9.484375
9,1500538671141,-0.079956055,-2.4726563,9.484375
9,1500538671194,-0.079956055,-2.4726563,9.484375
9,1500538671197,-0.08093262,-2.4707031,9.484375
9,1500538671200,-0.08093262,-2.4707031,9.484375
9,1500538671255,-0.08093262,-2.4707031,9.484375
9,1500538671258,-0.08178711,-2.4707031,9.484375
9,1500538671261,-0.08178711,-2.4707031,9.484375
9,1500538671316,-0.082458496,-2.4707031,9.484375
9,1500538671319,-0.082458496,-2.4707031,9.484375
9,1500538671321,-0.082458496,-2.4707031,9.484375
9,1500538671380,-0.08294678,-2.4707031,9.484375
9,1500538671384,-0.08294678,-2.4707031,9.484375
9,1500538671386,-0.083740234,-2.4707031,9.484375
9,1500538671438,-0.083740234,-2.4707031,9.484375
9,1500538671442,-0.083740234,-2.4707031,9.484375
9,1500538671445,-0.0848999,-2.4707031,9.484375
9,1500538671498,-0.0848999,-2.4707031,9.484375
9,1500538671501,-0.08569336,-2.4707031,9.484375
9,1500538671504,-0.08569336,-2.4707031,9.484375
9,1500538671561,-0.08569336,-2.4707031,9.484375
9,1500538671564,-0.08679199,-2.4707031,9.484375
9,1500538671567,-0.08679199,-2.4707031,9.484375
9,1500538671620,-0.087524414,-2.4707031,9.484375
9,1500538671623,-0.087524414,-2.4707031,9.484375
9,1500538671625,-0.087524414,-2.4707031,9.484375
9,1500538671681,-0.0881958,-2.4707031,9.484375
9,1500538671684,-0.0881958,-2.4707031,9.484375
9,1500538671686,-0.08892822,-2.4707031,9.484375
9,1500538671743,-0.08892822,-2.4707031,9.484375
9,1500538671746,-0.08892822,-2.4707031,9.484375
9,1500538671748,-0.089416504,-2.4726563,9.484375
9,1500538671803,-0.089416504,-2.4726563,9.484375
9,1500538671806,-0.09033203,-2.4726563,9.484375
9,1500538671808,-0.09033203,-2.4726563,9.484375
9,1500538671863,-0.09033203,-2.4726563,9.484375
9,1500538671866,-0.09100342,-2.4707031,9.484375
9,1500538671868,-0.09100342,-2.4707031,9.484375
9,1500538671923,-0.09185791,-2.4726563,9.484375
9,1500538671926,-0.09185791,-2.4726563,9.484375
9,1500538671928,-0.09185791,-2.4726563,9.484375
9,1500538671984,-0.09265137,-2.4707031,9.484375
9,1500538671988,-0.09265137,-2.4707031,9.484375
9,1500538671991,-0.095825195,-2.4707031,9.484375
9,1500538672045,-0.09710693,-2.4707031,9.484375
9,1500538672048,-0.09710693,-2.4707031,9.484375
9,1500538672050,-0.099121094,-2.4707031,9.484375
9,1500538672114,-0.10449219,-2.4707031,9.484375
9,1500538672118,-0.10681152,-2.4707031,9.484375
9,1500538672120,-0.10681152,-2.4707031,9.484375
9,1500538672168,-0.10681152,-2.4707031,9.484375
9,1500538672171,-0.10772705,-2.4726563,9.484375
9,1500538672174,-0.10772705,-2.4726563,9.484375
9,1500538672227,-0.10864258,-2.4707031,9.484375
9,1500538672230,-0.10864258,-2.4707031,9.484375
9,1500538672232,-0.10864258,-2.4707031,9.484375
9,1500538672288,-0.10974121,-2.4707031,9.484375
9,1500538672292,-0.10974121,-2.4707031,9.484375
9,1500538672294,-0.1105957,-2.4707031,9.484375
9,1500538672352,-0.1105957,-2.4707031,9.484375
9,1500538672354,-0.1105957,-2.4707031,9.484375
9,1500538672356,-0.11114502,-2.4726563,9.484375
9,1500538672409,-0.11114502,-2.4726563,9.484375
9,1500538672413,-0.11187744,-2.4726563,9.484375
9,1500538672415,-0.11187744,-2.4726563,9.484375
9,1500538672470,-0.11187744,-2.4726563,9.484375
9,1500538672472,-0.11273193,-2.4726563,9.484375
9,1500538672475,-0.11273193,-2.4726563,9.484375
9,1500538672533,-0.11340332,-2.4707031,9.484375
9,1500538672536,-0.11340332,-2.4707031,9.484375
9,1500538672539,-0.11340332,-2.4707031,9.484375
9,1500538672591,-0.11328125,-2.4726563,9.484375
9,1500538672595,-0.11328125,-2.4726563,9.484375
9,1500538672597,-0.11395264,-2.4707031,9.484375
9,1500538672656,-0.11395264,-2.4707031,9.484375
9,1500538672663,-0.11395264,-2.4707031,9.484375
9,1500538672666,-0.11462402,-2.4726563,9.484375
9,1500538672717,-0.11462402,-2.4726563,9.484375
9,1500538672722,-0.11047363,-2.4726563,9.484375
9,1500538672724,-0.109069824,-2.4726563,9.484375
9,1500538672773,-0.10772705,-2.4726563,9.484375
9,1500538672776,-0.10284424,-2.4726563,9.484375
9,1500538672778,-0.09661865,-2.4726563,9.484375
9,1500538672834,-0.09082031,-2.4707031,9.484375
9,1500538672837,-0.08068848,-2.4667969,9.484375
9,1500538672841,-0.07116699,-2.4589844,9.4921875
9,1500538672894,-0.056671143,-2.453125,9.4921875
9,1500538672898,-0.008094788,-2.4492188,9.4921875
9,1500538672900,0.023468018,-2.4511719,9.4921875
9,1500538672956,0.058563232,-2.4472656,9.4921875
9,1500538672960,0.08905029,-2.4414063,9.4921875
9,1500538672964,0.10559082,-2.4375,9.4921875
9,1500538673018,0.10644531,-2.4335938,9.4921875
9,1500538673022,0.11444092,-2.4296875,9.4921875
9,1500538673024,0.14428711,-2.4453125,9.4921875
9,1500538673077,0.17138672,-2.4609375,9.484375
9,1500538673080,0.17529297,-2.4882813,9.4765625
9,1500538673083,0.20288086,-2.4980469,9.4765625
9,1500538673137,0.24194336,-2.5058594,9.4765625
9,1500538673140,0.25952148,-2.5039063,9.4765625
9,1500538673143,0.21960449,-2.4375,9.4921875
9,1500538673200,0.1373291,-2.453125,9.4921875
9,1500538673204,0.016174316,-2.4863281,9.484375
9,1500538673206,-0.087890625,-2.5058594,9.4765625
9,1500538673259,-0.1517334,-2.5351563,9.46875
9,1500538673262,-0.21130371,-2.6035156,9.4453125
9,1500538673264,-0.24853516,-2.6347656,9.4375
9,1500538673320,-0.32495117,-2.5605469,9.453125
9,1500538673324,-0.38916016,-2.4511719,9.484375
9,1500538673326,-0.4025879,-2.1699219,9.5546875
9,1500538673381,-0.36743164,-1.8603516,9.6171875
9,1500538673384,-0.33203125,-1.7333984,9.640625
9,1500538673386,-0.34472656,-1.8427734,9.625
9,1500538673441,-0.38916016,-2.0664063,9.578125
9,1500538673445,-0.42407227,-2.2324219,9.5390625
9,1500538673447,-0.4309082,-2.3144531,9.515625
9,1500538673502,-0.4169922,-2.3164063,9.515625
9,1500538673505,-0.3894043,-2.2558594,9.53125
9,1500538673508,-0.3708496,-2.1289063,9.5625
9,1500538673563,-0.37109375,-2.0117188,9.5859375
9,1500538673566,-0.38476563,-1.9677734,9.59375
9,1500538673569,-0.39770508,-1.9970703,9.5859375
9,1500538673624,-0.3996582,-2.0605469,9.578125
9,1500538673627,-0.3918457,-2.1210938,9.5625
9,1500538673629,-0.3864746,-2.1445313,9.5546875
9,1500538673684,-0.3881836,-2.1171875,9.5625
9,1500538673687,-0.390625,-2.0839844,9.5703125
9,1500538673690,-0.390625,-2.0625,9.578125
9,1500538673745,-0.39208984,-2.078125,9.5703125
9,1500538673748,-0.39208984,-2.0898438,9.5703125
9,1500538673750,-0.3930664,-2.0878906,9.5703125
9,1500538673806,-0.3930664,-2.0917969,9.5703125
9,1500538673809,-0.3930664,-2.0859375,9.5703125
9,1500538673811,-0.3947754,-2.0839844,9.5703125
9,1500538673865,-0.3947754,-2.0839844,9.5703125
9,1500538673869,-0.3955078,-2.0859375,9.5703125
9,1500538673872,-0.39697266,-2.0898438,9.5703125
9,1500538673928,-0.4008789,-2.0878906,9.5703125
9,1500538673930,-0.40234375,-2.0898438,9.5703125
9,1500538673933,-0.3996582,-2.0898438,9.5703125
9,1500538673988,-0.40063477,-2.0878906,9.5703125
9,1500538673991,-0.40185547,-2.0878906,9.5703125
9,1500538673994,-0.4033203,-2.0878906,9.5703125
9,1500538674048,-0.40454102,-2.0878906,9.5703125
9,1500538674052,-0.40454102,-2.0878906,9.5703125
9,1500538674054,-0.40576172,-2.0839844,9.5703125
9,1500538674109,-0.40576172,-2.0839844,9.5703125
9,1500538674112,-0.40576172,-2.0839844,9.5703125
9,1500538674115,-0.40722656,-2.0859375,9.5703125
9,1500538674170,-0.40722656,-2.0859375,9.5703125
9,1500538674174,-0.40844727,-2.0820313,9.5703125
9,1500538674176,-0.40844727,-2.0820313,9.5703125
9,1500538674231,-0.40844727,-2.0820313,9.5703125
9,1500538674234,-0.4099121,-2.0839844,9.5703125
9,1500538674237,-0.4099121,-2.0839844,9.5703125
9,1500538674291,-0.4111328,-2.078125,9.5703125
9,1500538674295,-0.4111328,-2.078125,9.5703125
9,1500538674297,-0.4111328,-2.078125,9.5703125
9,1500538674352,-0.41235352,-2.0800781,9.5703125
9,1500538674355,-0.41235352,-2.0820313,9.5703125
9,1500538674358,-0.41333008,-2.0800781,9.5703125
9,1500538674413,-0.41333008,-2.0800781,9.5703125
9,1500538674416,-0.41333008,-2.0761719,9.5703125
9,1500538674419,-0.41479492,-2.078125,9.5703125
9,1500538674474,-0.41479492,-2.078125,9.5703125
9,1500538674478,-0.41552734,-2.0722656,9.5703125
9,1500538674481,-0.41552734,-2.0722656,9.5703125
9,1500538674535,-0.41552734,-2.0722656,9.5703125
9,1500538674538,-0.41674805,-2.0742188,9.5703125
9,1500538674555,-0.41674805,-2.0742188,9.5703125
9,1500538674575,-0.41748047,-2.0722656,9.5703125
9,1500538674584,-0.4189453,-2.0722656,9.5703125
9,1500538674636,-0.42041016,-2.0722656,9.5703125
9,1500538674640,-0.42016602,-2.0742188,9.5703125
9,1500538674645,-0.41333008,-2.0742188,9.5703125
9,1500538674696,-0.41186523,-2.0722656,9.5703125
9,1500538674698,-0.41674805,-2.0722656,9.5703125
9,1500538674700,-0.42211914,-2.0722656,9.5703125
9,1500538674756,-0.42333984,-2.0722656,9.5703125
9,1500538674758,-0.42041016,-2.0722656,9.5703125
9,1500538674761,-0.42211914,-2.0703125,9.5703125
9,1500538674817,-0.43066406,-2.0703125,9.5703125
9,1500538674820,-0.43725586,-2.0703125,9.5703125
9,1500538674822,-0.43725586,-2.0722656,9.5703125
9,1500538674878,-0.43041992,-2.0722656,9.5703125
9,1500538674881,-0.4296875,-2.0703125,9.5703125
9,1500538674882,-0.4296875,-2.0703125,9.5703125
9,1500538674939,-0.4309082,-2.0703125,9.5703125
9,1500538674942,-0.4309082,-2.0703125,9.5703125
9,1500538674943,-0.4309082,-2.0703125,9.5703125
9,1500538675000,-0.4326172,-2.0703125,9.5703125
9,1500538675005,-0.43115234,-2.0703125,9.5703125
9,1500538675006,-0.43041992,-2.0722656,9.5703125
9,1500538675063,-0.43041992,-2.0722656,9.5703125
9,1500538675066,-0.43041992,-2.0722656,9.5703125
9,1500538675067,-0.43017578,-2.0722656,9.5703125
9,1500538675123,-0.42456055,-2.0722656,9.5703125
9,1500538675126,-0.42382813,-2.0703125,9.5703125
9,1500538675128,-0.42529297,-2.0703125,9.5703125
9,1500538675184,-0.42651367,-2.0703125,9.5703125
9,1500538675187,-0.42773438,-2.0703125,9.5703125
9,1500538675188,-0.42333984,-2.0703125,9.5703125
9,1500538675245,-0.42260742,-2.0703125,9.5703125
9,1500538675248,-0.42260742,-2.0703125,9.5703125
9,1500538675249,-0.42260742,-2.0703125,9.5703125
9,1500538675306,-0.42382813,-2.0703125,9.5703125
9,1500538675309,-0.41967773,-2.0703125,9.5703125
9,1500538675310,-0.41918945,-2.0703125,9.5703125
9,1500538675367,-0.41918945,-2.0703125,9.5703125
9,1500538675370,-0.41918945,-2.0703125,9.5703125
9,1500538675372,-0.42016602,-2.0703125,9.5703125
9,1500538675426,-0.42016602,-2.0703125,9.5703125
9,1500538675430,-0.42114258,-2.0683594,9.5703125
9,1500538675432,-0.42114258,-2.0683594,9.5703125
9,1500538675487,-0.42114258,-2.0683594,9.5703125
9,1500538675491,-0.421875,-2.0683594,9.5703125
9,1500538675493,-0.421875,-2.0683594,9.5703125
9,1500538675549,-0.42285156,-2.0683594,9.5703125
9,1500538675552,-0.42285156,-2.0683594,9.5703125
9,1500538675553,-0.42285156,-2.0683594,9.5703125
9,1500538675610,-0.42919922,-2.0664063,9.5703125
9,1500538675613,-0.43115234,-2.0664063,9.5703125
9,1500538675614,-0.43041992,-2.0664063,9.5703125
9,1500538675670,-0.42626953,-2.0664063,9.5703125
9,1500538675674,-0.42822266,-2.0664063,9.5703125
9,1500538675675,-0.43676758,-2.0664063,9.5703125
9,1500538675731,-0.43823242,-2.0664063,9.5703125
9,1500538675735,-0.43286133,-2.0664063,9.5703125
9,1500538675736,-0.4309082,-2.0664063,9.5703125
9,1500538675794,-0.4375,-2.0664063,9.5703125
9,1500538675800,-0.44921875,-2.0664063,9.5703125
9,1500538675815,-0.44970703,-2.0664063,9.5703125
9,1500538675854,-0.4416504,-2.0664063,9.5703125
9,1500538675859,-0.43530273,-2.0664063,9.5703125
9,1500538675870,-0.4375,-2.0664063,9.5703125
9,1500538675915,-0.4482422,-2.0644531,9.5703125
9,1500538675920,-0.4501953,-2.0644531,9.5703125
9,1500538675926,-0.44433594,-2.0664063,9.5703125
9,1500538675976,-0.43945313,-2.0664063,9.5703125
9,1500538675988,-0.44702148,-2.0664063,9.5703125
9,1500538675990,-0.46069336,-2.0644531,9.5703125
9,1500538676037,-0.46142578,-2.0644531,9.5703125
9,1500538676042,-0.45141602,-2.0644531,9.5703125
9,1500538676054,-0.44482422,-2.0644531,9.5703125
9,1500538676105,-0.44970703,-2.0644531,9.5703125
9,1500538676107,-0.45996094,-2.0625,9.5703125
9,1500538676111,-0.4597168,-2.0625,9.5703125
9,1500538676156,-0.4501953,-2.0625,9.5703125
9,1500538676158,-0.44335938,-2.0625,9.5703125
9,1500538676160,-0.44506836,-2.0625,9.5703125
9,1500538676216,-0.45458984,-2.0644531,9.5703125
9,1500538676219,-0.45629883,-2.0644531,9.5703125
9,1500538676221,-0.45532227,-2.0625,9.5703125
9,1500538676277,-0.45117188,-2.0625,9.5703125
9,1500538676280,-0.45117188,-2.0625,9.5703125
9,1500538676282,-0.45239258,-2.0625,9.5703125
9,1500538676338,-0.45239258,-2.0625,9.5703125
9,1500538676340,-0.45288086,-2.0644531,9.5703125
9,1500538676342,-0.45288086,-2.0644531,9.5703125
9,1500538676399,-0.45288086,-2.0644531,9.5703125
9,1500538676402,-0.45361328,-2.0625,9.5703125
9,1500538676403,-0.45361328,-2.0625,9.5703125
9,1500538676460,-0.4543457,-2.0625,9.5703125
9,1500538676463,-0.4543457,-2.0625,9.5703125
9,1500538676464,-0.4543457,-2.0625,9.5703125
9,1500538676520,-0.45483398,-2.0625,9.5703125
9,1500538676523,-0.45483398,-2.0625,9.5703125
9,1500538676525,-0.45581055,-2.0625,9.5703125
9,1500538676583,-0.45581055,-2.0625,9.5703125
9,1500538676586,-0.45629883,-2.0625,9.5703125
9,1500538676588,-0.45629883,-2.0625,9.5703125
9,1500538676643,-0.45629883,-2.0625,9.5703125
9,1500538676646,-0.4572754,-2.0625,9.5703125
9,1500538676649,-0.4572754,-2.0625,9.5703125
9,1500538676704,-0.45751953,-2.0605469,9.5703125
9,1500538676707,-0.45751953,-2.0605469,9.5703125
9,1500538676710,-0.45751953,-2.0605469,9.5703125
9,1500538676764,-0.45825195,-2.0703125,9.5703125
9,1500538676767,-0.45825195,-2.0800781,9.5703125
9,1500538676770,-0.45874023,-2.0839844,9.5703125
9,1500538676825,-0.45874023,-2.0839844,9.5703125
9,1500538676828,-0.45874023,-2.0839844,9.5703125
9,1500538676833,-0.45947266,-2.0820313,9.5703125
9,1500538676886,-0.45947266,-2.0742188,9.5703125
9,1500538676890,-0.4560547,-2.0664063,9.5703125
9,1500538676893,-0.4699707,-2.0527344,9.5703125
9,1500538676948,-0.5678711,-1.9892578,9.578125
9,1500538676951,-0.78759766,-1.90625,9.5859375
9,1500538676953,-1.1308594,-1.8652344,9.5546875
9,1500538677007,-1.2714844,-1.8759766,9.5390625
9,1500538677014,-1.0205078,-1.9296875,9.5546875
9,1500538677016,-0.8491211,-1.9941406,9.5625
9,1500538677072,-1.2275391,-1.96875,9.5234375
9,1500538677074,-1.6982422,-1.9482422,9.453125
9,1500538677076,-1.3886719,-1.9960938,9.5
