4,1500538660562,0.009414673,-0.019760132,0.028717041
4,1500538660569,0.017929077,-0.041046143,0.01701355
4,1500538660620,-1.5604496E-4,-0.041046143,0.023391724
4,1500538660624,0.015792847,-0.059143066,0.025527954
4,1500538660626,0.015792847,-0.039978027,0.021270752
4,1500538660683,0.013671875,-0.03677368,0.028717041
4,1500538660688,0.0041007996,-0.037841797,0.037231445
4,1500538660690,0.0072898865,-0.020828247,0.035095215
4,1500538660742,0.026443481,-0.021896362,0.028717041
4,1500538660746,0.02218628,-0.01763916,0.0340271
4,1500538660749,0.038146973,-0.02508545,0.032958984
4,1500538660804,0.020050049,-0.015510559,0.03616333
4,1500538660806,0.02218628,-0.01763916,0.028717041
4,1500538660808,0.012611389,-0.0027427673,0.024459839
4,1500538660863,0.008354187,-0.02720642,0.01701355
4,1500538660866,0.015792847,-0.021896362,0.029785156
4,1500538660869,0.013671875,-0.02720642,0.025527954
4,1500538660924,0.008354187,-0.042114258,0.024459839
4,1500538660926,0.006225586,-0.039978027,0.028717041
4,1500538660928,0.010482788,-0.030410767,0.028717041
4,1500538660988,0.0051612854,-0.02508545,0.02658081
4,1500538660992,-1.5604496E-4,-0.03253174,0.022323608
4,1500538660994,0.023254395,-0.04849243,0.029785156
4,1500538661046,0.015792847,-0.03677368,0.028717041
4,1500538661050,0.016860962,-0.024017334,0.032958984
4,1500538661052,-0.00440979,-0.011253357,0.03616333
4,1500538661108,0.009414673,-0.033599854,0.015945435
4,1500538661112,0.010482788,-0.033599854,0.035095215
4,1500538661115,0.02218628,-0.049560547,0.02658081
4,1500538661170,0.010482788,-0.049560547,0.018066406
4,1500538661174,0.016860962,-0.050628662,0.021270752
4,1500538661176,0.016860962,-0.05593872,0.032958984
4,1500538661229,0.010482788,-0.0463562,0.023391724
4,1500538661233,0.015792847,-0.037841797,0.022323608
4,1500538661236,0.011543274,-0.02720642,0.03933716
4,1500538661289,0.009414673,-0.031463623,0.027648926
4,1500538661292,0.008354187,-0.026153564,0.018066406
4,1500538661298,0.010482788,-0.015510559,0.027648926
4,1500538661350,0.009414673,-0.021896362,0.028717041
4,1500538661355,0.015792847,-0.028274536,0.020202637
4,1500538661357,0.017929077,-0.018707275,0.035095215
4,1500538661412,0.006225586,-0.019760132,0.03189087
4,1500538661415,0.006225586,-0.03677368,0.03189087
4,1500538661418,0.008354187,-0.01763916,0.03189087
4,1500538661476,-1.5604496E-4,-0.005935669,0.025527954
4,1500538661479,0.0051612854,-0.020828247,0.025527954
4,1500538661482,0.017929077,-0.013381958,0.032958984
4,1500538661535,0.010482788,-0.011253357,0.023391724
4,1500538661538,0.003036499,-0.014450073,0.014884949
4,1500538661542,9.0789795E-4,-0.021896362,0.025527954
4,1500538661593,0.010482788,-0.03677368,0.020202637
4,1500538661599,0.023254395,-0.038909912,0.030838013
4,1500538661601,0.012611389,-0.038909912,0.032958984
4,1500538661654,0.013671875,-0.05593872,0.023391724
4,1500538661658,0.02218628,-0.052734375,0.03933716
4,1500538661660,0.024307251,-0.041046143,0.037231445
4,1500538661715,0.02218628,-0.030410767,0.030838013
4,1500538661720,0.009414673,-0.028274536,0.025527954
4,1500538661724,0.010482788,-0.035705566,0.015945435
4,1500538661775,0.018997192,-0.03253174,0.021270752
4,1500538661779,0.017929077,-0.026153564,0.023391724
4,1500538661781,0.010482788,-0.02508545,0.019134521
4,1500538661840,-1.5604496E-4,-0.021896362,0.012756348
4,1500538661850,0.0019721985,-0.021896362,0.021270752
4,1500538661861,0.008354187,-0.022949219,0.018066406
4,1500538661889,0.01473999,-0.015510559,0.029785156
4,1500538661894,0.010482788,-0.0016794205,0.032958984
4,1500538661937,0.011543274,-0.021896362,0.022323608
4,1500538661940,0.009414673,-0.018707275,0.024459839
4,1500538661942,0.026443481,-0.039978027,0.024459839
4,1500538661999,0.018997192,-0.026153564,0.028717041
4,1500538662004,0.017929077,-0.020828247,0.029785156
4,1500538662006,0.013671875,-0.018707275,0.038269043
4,1500538662060,0.023254395,-0.035705566,0.037231445
4,1500538662065,0.015792847,-0.035705566,0.03616333
4,1500538662067,0.012611389,-0.030410767,0.029785156
4,1500538662121,0.008354187,-0.03253174,0.021270752
4,1500538662125,0.018997192,-0.022949219,0.03189087
4,1500538662127,0.011543274,-0.021896362,0.029785156
4,1500538662181,0.013671875,-0.030410767,0.023391724
4,1500538662187,9.0789795E-4,-0.026153564,0.022323608
4,1500538662190,0.0072898865,-0.021896362,0.021270752
4,1500538662243,0.012611389,-0.02508545,0.021270752
4,1500538662246,0.008354187,-0.02720642,0.027648926
4,1500538662250,0.006225586,-0.026153564,0.027648926
4,1500538662304,0.0072898865,-0.029342651,0.023391724
4,1500538662307,0.013671875,-0.01763916,0.024459839
4,1500538662309,0.0072898865,-0.011253357,0.03189087
4,1500538662364,0.020050049,-0.02720642,0.02658081
4,1500538662368,0.009414673,-0.013381958,0.025527954
4,1500538662372,0.0051612854,-0.01763916,0.024459839
4,1500538662425,0.009414673,-0.02508545,0.027648926
4,1500538662429,0.012611389,-0.021896362,0.02658081
4,1500538662433,0.017929077,-0.02508545,0.029785156
4,1500538662486,0.012611389,-0.028274536,0.024459839
4,1500538662489,0.012611389,-0.02720642,0.027648926
4,1500538662492,0.011543274,-0.030410767,0.03189087
4,1500538662546,0.01473999,-0.033599854,0.027648926
4,1500538662550,0.01473999,-0.03253174,0.027648926
4,1500538662553,0.008354187,-0.024017334,0.028717041
4,1500538662608,0.017929077,-0.030410767,0.030838013
4,1500538662612,0.01473999,-0.024017334,0.029785156
4,1500538662615,0.01473999,-0.028274536,0.022323608
4,1500538662669,0.016860962,-0.02720642,0.02658081
4,1500538662674,0.009414673,-0.020828247,0.029785156
4,1500538662677,0.011543274,-0.015510559,0.024459839
4,1500538662730,0.006225586,-0.013381958,0.030838013
4,1500538662734,0.01473999,-0.028274536,0.029785156
4,1500538662736,0.011543274,-0.030410767,0.02658081
4,1500538662789,0.008354187,-0.028274536,0.025527954
4,1500538662794,0.003036499,-0.024017334,0.021270752
4,1500538662796,0.008354187,-0.030410767,0.020202637
4,1500538662850,0.0072898865,-0.03466797,0.023391724
4,1500538662853,0.012611389,-0.03253174,0.022323608
4,1500538662857,0.01473999,-0.02720642,0.027648926
4,1500538662912,0.0051612854,-0.024017334,0.025527954
4,1500538662915,0.015792847,-0.028274536,0.028717041
4,1500538662919,0.012611389,-0.02720642,0.03189087
4,1500538662972,0.017929077,-0.021896362,0.0340271
4,1500538662975,0.015792847,-0.022949219,0.03189087
4,1500538662978,0.017929077,-0.026153564,0.03189087
4,1500538663034,0.020050049,-0.022949219,0.029785156
4,1500538663037,0.018997192,-0.020828247,0.029785156
4,1500538663050,0.015792847,-0.022949219,0.03189087
4,1500538663093,0.009414673,-0.018707275,0.025527954
4,1500538663096,0.010482788,-0.016571045,0.024459839
4,1500538663098,0.013671875,-0.01763916,0.028717041
4,1500538663155,0.015792847,-0.020828247,0.02658081
4,1500538663158,0.010482788,-0.013381958,0.025527954
4,1500538663160,0.008354187,-0.01763916,0.024459839
4,1500538663214,0.008354187,-0.013381958,0.03189087
4,1500538663219,0.018997192,-0.021896362,0.027648926
4,1500538663222,0.01473999,-0.020828247,0.03189087
4,1500538663275,0.01473999,-0.02508545,0.029785156
4,1500538663280,0.0072898865,-0.016571045,0.030838013
4,1500538663283,0.017929077,-0.01763916,0.032958984
4,1500538663336,0.016860962,-0.022949219,0.028717041
4,1500538663339,0.020050049,-0.031463623,0.025527954
4,1500538663342,0.01473999,-0.031463623,0.025527954
4,1500538663397,0.009414673,-0.024017334,0.028717041
4,1500538663401,0.009414673,-0.01763916,0.02658081
4,1500538663403,0.015792847,-0.026153564,0.028717041
4,1500538663457,0.01473999,-0.029342651,0.02658081
4,1500538663461,0.016860962,-0.02720642,0.028717041
4,1500538663464,0.008354187,-0.021896362,0.028717041
4,1500538663517,0.012611389,-0.028274536,0.024459839
4,1500538663520,0.012611389,-0.020828247,0.030838013
4,1500538663523,0.011543274,-0.021896362,0.027648926
4,1500538663580,0.009414673,-0.022949219,0.027648926
4,1500538663584,0.017929077,-0.022949219,0.028717041
4,1500538663588,0.011543274,-0.02508545,0.024459839
4,1500538663639,0.01473999,-0.028274536,0.02658081
4,1500538663641,0.008354187,-0.01763916,0.02658081
4,1500538663644,0.016860962,-0.02508545,0.023391724
4,1500538663704,0.015792847,-0.021896362,0.028717041
4,1500538663706,0.01473999,-0.020828247,0.022323608
4,1500538663709,0.011543274,-0.016571045,0.02658081
4,1500538663762,0.013671875,-0.026153564,0.035095215
4,1500538663765,0.013671875,-0.033599854,0.02658081
4,1500538663767,0.006225586,-0.03253174,0.025527954
4,1500538663822,0.008354187,-0.015510559,0.024459839
4,1500538663825,0.010482788,-0.018707275,0.023391724
4,1500538663829,0.02218628,-0.018707275,0.029785156
4,1500538663883,0.013671875,-0.019760132,0.025527954
4,1500538663887,0.0041007996,-0.020828247,0.028717041
4,1500538663889,0.008354187,-0.02720642,0.02658081
4,1500538663945,0.011543274,-0.026153564,0.027648926
4,1500538663950,0.01473999,-0.029342651,0.02658081
4,1500538663952,0.016860962,-0.021896362,0.02658081
4,1500538664003,0.015792847,-0.018707275,0.030838013
4,1500538664007,0.01473999,-0.020828247,0.030838013
4,1500538664010,0.01473999,-0.022949219,0.028717041
4,1500538664067,0.009414673,-0.018707275,0.035095215
4,1500538664069,0.0072898865,-0.021896362,0.024459839
4,1500538664073,0.0041007996,-0.020828247,0.02658081
4,1500538664124,0.009414673,-0.018707275,0.025527954
4,1500538664129,0.021118164,-0.02720642,0.023391724
4,1500538664132,0.020050049,-0.02508545,0.019134521
4,1500538664186,0.010482788,-0.012321472,0.027648926
4,1500538664189,0.008354187,-0.015510559,0.027648926
4,1500538664191,0.010482788,-0.030410767,0.023391724
4,1500538664247,0.006225586,-0.024017334,0.028717041
4,1500538664250,0.011543274,-0.018707275,0.03189087
4,1500538664253,0.017929077,-0.02508545,0.025527954
4,1500538664308,0.011543274,-0.01763916,0.029785156
4,1500538664312,0.013671875,-0.013381958,0.029785156
4,1500538664314,0.015792847,-0.012321472,0.030838013
4,1500538664369,0.020050049,-0.020828247,0.027648926
4,1500538664374,0.013671875,-0.024017334,0.027648926
4,1500538664377,0.011543274,-0.02720642,0.02658081
4,1500538664428,0.011543274,-0.019760132,0.032958984
4,1500538664432,0.020050049,-0.03466797,0.028717041
4,1500538664435,0.015792847,-0.03253174,0.028717041
4,1500538664489,0.013671875,-0.026153564,0.027648926
4,1500538664494,0.013671875,-0.022949219,0.023391724
4,1500538664496,0.01473999,-0.01763916,0.0340271
4,1500538664550,0.012611389,-0.02508545,0.023391724
4,1500538664555,0.010482788,-0.03466797,0.0138168335
4,1500538664558,0.003036499,-0.021896362,0.018066406
4,1500538664610,0.01473999,-0.019760132,0.032958984
4,1500538664614,0.021118164,-0.028274536,0.029785156
4,1500538664616,0.01473999,-0.03677368,0.021270752
4,1500538664671,0.009414673,-0.015510559,0.027648926
4,1500538664674,0.01473999,-0.020828247,0.029785156
4,1500538664679,0.010482788,-0.022949219,0.023391724
4,1500538664733,0.011543274,-0.015510559,0.029785156
4,1500538664738,0.018997192,-0.024017334,0.03189087
4,1500538664740,0.020050049,-0.03253174,0.023391724
4,1500538664798,0.008354187,-0.022949219,0.03189087
4,1500538664800,0.006225586,-0.02508545,0.025527954
4,1500538664803,0.0051612854,-0.020828247,0.025527954
4,1500538664854,0.010482788,-0.020828247,0.023391724
4,1500538664857,0.012611389,-0.022949219,0.025527954
4,1500538664859,0.006225586,-0.016571045,0.030838013
4,1500538664915,0.012611389,-0.020828247,0.023391724
4,1500538664919,0.009414673,-0.024017334,0.027648926
4,1500538664922,0.016860962,-0.030410767,0.025527954
4,1500538664975,0.013671875,-0.019760132,0.028717041
4,1500538664979,0.0072898865,-0.019760132,0.024459839
4,1500538664982,0.015792847,-0.028274536,0.02658081
4,1500538665036,0.020050049,-0.026153564,0.0340271
4,1500538665039,0.020050049,-0.031463623,0.03189087
4,1500538665041,0.010482788,-0.028274536,0.027648926
4,1500538665098,0.0041007996,-0.021896362,0.027648926
4,1500538665102,0.010482788,-0.019760132,0.027648926
4,1500538665104,0.012611389,-0.022949219,0.023391724
4,1500538665159,0.017929077,-0.028274536,0.025527954
4,1500538665163,0.01473999,-0.020828247,0.02658081
4,1500538665165,0.0019721985,-0.024017334,0.024459839
4,1500538665218,0.0051612854,-0.022949219,0.022323608
4,1500538665222,0.013671875,-0.021896362,0.027648926
4,1500538665227,0.017929077,-0.033599854,0.025527954
4,1500538665279,0.012611389,-0.03677368,0.022323608
4,1500538665283,0.0072898865,-0.026153564,0.024459839
4,1500538665285,0.008354187,-0.022949219,0.02658081
4,1500538665339,0.013671875,-0.028274536,0.025527954
4,1500538665343,0.009414673,-0.024017334,0.02658081
4,1500538665345,0.0041007996,-0.022949219,0.024459839
4,1500538665401,0.013671875,-0.020828247,0.024459839
4,1500538665404,0.0072898865,-0.013381958,0.028717041
4,1500538665418,0.012611389,-0.02720642,0.025527954
4,1500538665447,0.012611389,-0.026153564,0.022323608
4,1500538665449,0.0041007996,-0.01763916,0.028717041
4,1500538665502,0.009414673,-0.024017334,0.029785156
4,1500538665506,0.013671875,-0.02720642,0.027648926
4,1500538665509,0.009414673,-0.019760132,0.028717041
4,1500538665564,0.011543274,-0.019760132,0.027648926
4,1500538665567,0.018997192,-0.026153564,0.030838013
4,1500538665570,0.017929077,-0.022949219,0.030838013
4,1500538665624,0.021118164,-0.018707275,0.035095215
4,1500538665628,0.015792847,-0.021896362,0.035095215
4,1500538665634,0.01473999,-0.011253357,0.035095215
4,1500538665686,0.009414673,-0.0027427673,0.03933716
4,1500538665696,0.016860962,-0.018707275,0.027648926
4,1500538665703,0.02218628,-0.015510559,0.030838013
4,1500538665724,0.017929077,-0.0027427673,0.030838013
4,1500538665730,0.020050049,-0.0016794205,0.0340271
4,1500538665785,0.020050049,-0.016571045,0.03189087
4,1500538665788,0.012611389,-0.022949219,0.028717041
4,1500538665791,0.011543274,-0.021896362,0.023391724
4,1500538665846,0.008354187,-0.00806427,0.02658081
4,1500538665850,0.013671875,-0.020828247,0.027648926
4,1500538665856,0.016860962,-0.026153564,0.02658081
4,1500538665908,0.011543274,-0.02508545,0.028717041
4,1500538665912,0.009414673,-0.024017334,0.025527954
4,1500538665916,0.010482788,-0.018707275,0.030838013
4,1500538665970,0.016860962,-0.030410767,0.028717041
4,1500538665974,0.013671875,-0.030410767,0.028717041
4,1500538665977,0.008354187,-0.021896362,0.028717041
4,1500538666027,0.017929077,-0.02720642,0.027648926
4,1500538666031,0.020050049,-0.042114258,0.02658081
4,1500538666034,0.011543274,-0.03677368,0.018066406
4,1500538666090,0.018997192,-0.028274536,0.03189087
4,1500538666093,0.013671875,-0.013381958,0.028717041
4,1500538666097,0.017929077,-0.019760132,0.025527954
4,1500538666149,0.025375366,-0.022949219,0.028717041
4,1500538666153,0.02218628,-0.016571045,0.022323608
4,1500538666156,0.018997192,-0.012321472,0.0340271
4,1500538666210,0.016860962,-0.00806427,0.028717041
4,1500538666214,0.011543274,-0.020828247,0.027648926
4,1500538666218,0.011543274,-0.02720642,0.02658081
4,1500538666271,0.024307251,-0.01763916,0.027648926
4,1500538666275,0.02218628,-0.012321472,0.029785156
4,1500538666277,0.038146973,-0.03253174,0.028717041
4,1500538666332,0.040283203,-0.030410767,0.025527954
4,1500538666336,0.039215088,-0.015510559,0.029785156
4,1500538666338,0.034942627,-0.0038070679,0.03189087
4,1500538666394,0.016860962,0.010025024,0.030838013
4,1500538666396,0.013671875,0.023849487,0.032958984
4,1500538666401,0.008354187,0.03024292,0.035095215
4,1500538666455,0.0072898865,0.03024292,0.020202637
4,1500538666458,0.016860962,0.01108551,0.023391724
4,1500538666461,0.010482788,0.0121536255,0.014884949
4,1500538666516,0.017929077,0.0047035217,0.007434845
4,1500538666520,0.0051612854,0.02279663,0.014884949
4,1500538666522,0.0019721985,0.006832123,0.014884949
4,1500538666575,-1.5604496E-4,-0.005935669,0.019134521
4,1500538666578,0.016860962,-0.018707275,0.023391724
4,1500538666580,0.018997192,-0.01763916,0.032958984
4,1500538666636,0.015792847,-0.016571045,0.037231445
4,1500538666641,0.010482788,-0.024017334,0.042541504
4,1500538666643,0.020050049,-0.037841797,0.038269043
4,1500538666696,0.012611389,-0.024017334,0.042541504
4,1500538666700,0.0072898865,-0.029342651,0.040405273
4,1500538666703,0.017929077,-0.05807495,0.032958984
4,1500538666757,0.027511597,-0.05380249,0.0340271
4,1500538666762,0.010482788,-0.035705566,0.029785156
4,1500538666764,0.003036499,-0.02720642,0.023391724
4,1500538666817,-1.5604496E-4,-0.02720642,0.022323608
4,1500538666820,0.011543274,-0.026153564,0.023391724
4,1500538666824,0.017929077,-0.03677368,0.020202637
4,1500538666878,0.009414673,-0.03466797,0.019134521
4,1500538666881,0.010482788,-0.018707275,0.032958984
4,1500538666885,0.0072898865,-0.016571045,0.027648926
4,1500538666939,0.017929077,-0.024017334,0.030838013
4,1500538666941,0.0051612854,-0.026153564,0.028717041
4,1500538666946,0.0019721985,-0.02508545,0.02658081
4,1500538667000,0.013671875,-0.020828247,0.02658081
4,1500538667004,0.015792847,-0.021896362,0.027648926
4,1500538667006,0.023254395,-0.026153564,0.023391724
4,1500538667061,0.012611389,-0.031463623,0.023391724
4,1500538667064,0.0019721985,-0.020828247,0.024459839
4,1500538667068,0.016860962,-0.020828247,0.028717041
4,1500538667121,0.021118164,-0.026153564,0.025527954
4,1500538667124,0.015792847,-0.028274536,0.029785156
4,1500538667127,0.0051612854,-0.03253174,0.023391724
4,1500538667182,0.015792847,-0.021896362,0.02658081
4,1500538667185,0.009414673,-0.028274536,0.025527954
4,1500538667194,0.011543274,-0.035705566,0.027648926
4,1500538667244,0.015792847,-0.026153564,0.028717041
4,1500538667249,0.009414673,-0.016571045,0.029785156
4,1500538667251,0.0019721985,-0.00806427,0.035095215
4,1500538667305,0.0051612854,-0.014450073,0.02658081
4,1500538667309,0.006225586,-0.01763916,0.023391724
4,1500538667311,-0.0033473969,-0.009124756,0.024459839
4,1500538667364,-1.5604496E-4,4.4870377E-4,0.022323608
4,1500538667373,9.0789795E-4,-0.0038070679,0.024459839
4,1500538667375,0.01473999,-0.022949219,0.024459839
4,1500538667425,0.010482788,-0.019760132,0.025527954
4,1500538667428,0.012611389,-0.021896362,0.028717041
4,1500538667431,0.010482788,-0.031463623,0.02658081
4,1500538667486,0.021118164,-0.041046143,0.03616333
4,1500538667492,0.026443481,-0.042114258,0.038269043
4,1500538667498,0.029632568,-0.04849243,0.0340271
4,1500538667546,0.028564453,-0.054870605,0.03616333
4,1500538667552,0.024307251,-0.062316895,0.032958984
4,1500538667555,0.02218628,-0.045288086,0.027648926
4,1500538667608,0.021118164,-0.039978027,0.0340271
4,1500538667613,0.02218628,-0.039978027,0.02658081
4,1500538667615,0.020050049,-0.029342651,0.029785156
4,1500538667669,0.010482788,-0.024017334,0.028717041
4,1500538667673,0.010482788,-0.030410767,0.024459839
4,1500538667675,0.009414673,-0.028274536,0.023391724
4,1500538667729,0.011543274,-0.02720642,0.020202637
4,1500538667736,0.008354187,-0.015510559,0.024459839
4,1500538667740,0.0072898865,-0.014450073,0.02658081
4,1500538667790,0.010482788,-0.021896362,0.020202637
4,1500538667796,0.016860962,-0.015510559,0.028717041
4,1500538667799,0.017929077,-0.0069999695,0.03189087
4,1500538667850,0.015792847,-0.0016794205,0.0340271
4,1500538667857,0.011543274,-6.1511993E-4,0.030838013
4,1500538667860,0.010482788,-0.00806427,0.032958984
4,1500538667912,0.01473999,-0.01763916,0.032958984
4,1500538667915,0.010482788,-0.030410767,0.029785156
4,1500538667921,0.017929077,-0.021896362,0.0340271
4,1500538667972,0.025375366,-0.031463623,0.03189087
4,1500538667976,0.018997192,-0.026153564,0.030838013
4,1500538667980,0.010482788,-0.029342651,0.032958984
4,1500538668032,0.006225586,-0.020828247,0.030838013
4,1500538668035,0.012611389,-0.02508545,0.030838013
4,1500538668040,0.020050049,-0.021896362,0.023391724
4,1500538668096,0.017929077,-0.02508545,0.030838013
4,1500538668099,0.011543274,-0.016571045,0.029785156
4,1500538668102,0.011543274,-0.020828247,0.02658081
4,1500538668154,0.011543274,-0.022949219,0.025527954
4,1500538668158,0.010482788,-0.026153564,0.024459839
4,1500538668161,0.018997192,-0.019760132,0.030838013
4,1500538668216,0.010482788,-0.014450073,0.027648926
4,1500538668220,0.011543274,-0.020828247,0.023391724
4,1500538668222,0.0072898865,-0.019760132,0.02658081
4,1500538668277,0.008354187,-0.020828247,0.025527954
4,1500538668280,0.008354187,-0.015510559,0.027648926
4,1500538668282,0.015792847,-0.022949219,0.027648926
4,1500538668337,0.01473999,-0.028274536,0.024459839
4,1500538668341,0.013671875,-0.02720642,0.027648926
4,1500538668344,0.012611389,-0.02508545,0.028717041
4,1500538668401,0.01473999,-0.031463623,0.025527954
4,1500538668405,0.011543274,-0.033599854,0.025527954
4,1500538668407,0.0072898865,-0.03677368,0.02658081
4,1500538668458,0.012611389,-0.024017334,0.02658081
4,1500538668463,0.012611389,-0.018707275,0.03189087
4,1500538668466,0.012611389,-0.022949219,0.028717041
4,1500538668519,0.013671875,-0.02720642,0.030838013
4,1500538668523,0.016860962,-0.02508545,0.027648926
4,1500538668526,0.015792847,-0.026153564,0.028717041
4,1500538668584,0.012611389,-0.026153564,0.028717041
4,1500538668587,0.013671875,-0.019760132,0.027648926
4,1500538668589,0.009414673,-0.018707275,0.028717041
4,1500538668641,0.011543274,-0.024017334,0.025527954
4,1500538668645,0.011543274,-0.02720642,0.025527954
4,1500538668648,0.01473999,-0.021896362,0.029785156
4,1500538668702,0.012611389,-0.029342651,0.02658081
4,1500538668706,0.0041007996,-0.021896362,0.023391724
4,1500538668708,0.006225586,-0.01763916,0.023391724
4,1500538668762,0.008354187,-0.016571045,0.025527954
4,1500538668768,0.012611389,-0.014450073,0.025527954
4,1500538668770,-0.004814148,0.013923645,0.002149582
4,1500538668824,-0.0026874542,0.0075416565,0.0010852814
4,1500538668827,0.0015668869,-0.0030975342,-0.002105713
4,1500538668830,0.0026302338,-0.0073547363,2.193451E-5
4,1500538668884,0.007949829,-0.014801025,0.0010852814
4,1500538668889,0.0068855286,-0.0073547363,2.193451E-5
4,1500538668891,0.009010315,9.393692E-5,0.0010852814
4,1500538668945,0.014335632,0.0022220612,0.005340576
4,1500538668948,0.018585205,-0.0073547363,0.011726379
4,1500538668952,0.015396118,-0.014801025,0.005340576
4,1500538669007,-0.0016241074,9.393692E-5,-0.006362915
4,1500538669012,0.0015668869,0.006477356,-0.006362915
4,1500538669015,5.0354004E-4,0.021377563,-0.0031700134
4,1500538669065,0.0047569275,0.02243042,-0.002105713
4,1500538669068,-0.01651001,0.033081055,-0.0052986145
4,1500538669070,-0.01864624,0.027755737,-0.0074272156
4,1500538669129,-0.01864624,0.020309448,-0.008491516
4,1500538669133,-0.013328552,0.019241333,-0.002105713
4,1500538669135,5.0354004E-4,0.009666443,-0.0010414124
4,1500538669188,-5.6028366E-4,0.009666443,0.0010852814
4,1500538669194,-0.013328552,0.01499176,0.0032138824
4,1500538669196,-0.010131836,0.017120361,2.193451E-5
4,1500538669249,-0.004814148,0.004348755,0.0032138824
4,1500538669252,-5.6028366E-4,-0.0020332336,0.002149582
4,1500538669255,-0.0037517548,0.0032863617,0.0042762756
4,1500538669309,-0.006942749,0.0022220612,0.0010852814
4,1500538669313,-0.0026874542,-0.0041618347,0.0032138824
4,1500538669316,-0.004814148,0.004348755,0.0042762756
4,1500538669370,-0.004814148,-0.0030975342,0.0010852814
4,1500538669375,0.0015668869,-0.0052261353,0.0042762756
4,1500538669378,0.0026302338,0.0022220612,0.0042762756
4,1500538669432,0.009010315,0.0011577606,0.009597778
4,1500538669435,0.0047569275,-0.0041618347,0.008529663
4,1500538669438,-0.006942749,-0.0052261353,2.193451E-5
4,1500538669493,-0.0037517548,0.0075416565,0.0042762756
4,1500538669496,0.0068855286,0.0011577606,0.0074691772
4,1500538669499,0.0047569275,9.393692E-5,-0.0010414124
4,1500538669557,-0.0037517548,0.0011577606,-0.011680603
4,1500538669560,-0.0016241074,0.0032863617,-0.008491516
4,1500538669563,0.0047569275,-0.017990112,-0.016998291
4,1500538669614,0.0047569275,-0.028625488,-0.020187378
4,1500538669618,-5.6028366E-4,-0.014801025,-0.018066406
4,1500538669620,-0.011199951,0.0011577606,-0.013809204
4,1500538669675,-0.0058784485,0.0011577606,-0.0052986145
4,1500538669678,0.0036945343,-0.006290436,-0.002105713
4,1500538669680,-0.0037517548,-9.698868E-4,0.0010852814
4,1500538669735,-0.00907135,0.008605957,0.0064048767
4,1500538669740,-0.0026874542,0.0011577606,0.011726379
4,1500538669744,0.0047569275,-0.009483337,0.0064048767
4,1500538669796,0.0068855286,-0.010543823,0.0042762756
4,1500538669799,-0.0016241074,-0.006290436,0.002149582
4,1500538669802,-0.0058784485,-0.009483337,-0.0010414124
4,1500538669858,0.005821228,-0.006290436,-0.0031700134
4,1500538669862,0.005821228,-0.0030975342,-0.0010414124
4,1500538669865,-0.0026874542,0.0022220612,0.002149582
4,1500538669919,-0.0037517548,9.393692E-5,-0.0031700134
4,1500538669924,-0.008003235,-0.0020332336,-0.002105713
4,1500538669926,0.0026302338,-0.0052261353,0.0010852814
4,1500538669980,0.005821228,-0.0052261353,-0.002105713
4,1500538669984,0.0036945343,-0.0041618347,0.002149582
4,1500538669986,-0.004814148,9.393692E-5,0.0032138824
4,1500538670043,-0.0026874542,-0.0041618347,-0.0031700134
4,1500538670046,-0.0037517548,-0.0041618347,-0.0010414124
4,1500538670048,-0.004814148,-0.0041618347,-0.002105713
4,1500538670100,-0.0026874542,0.0032863617,-0.0010414124
4,1500538670104,-0.008003235,0.01499176,0.002149582
4,1500538670106,-5.6028366E-4,-0.0030975342,-0.0031700134
4,1500538670163,-0.0016241074,-0.008415222,-0.0010414124
4,1500538670166,5.0354004E-4,0.0011577606,0.0010852814
4,1500538670169,5.0354004E-4,0.0032863617,-0.0010414124
4,1500538670223,0.0015668869,9.393692E-5,0.0010852814
4,1500538670227,0.0068855286,-0.0041618347,-0.0010414124
4,1500538670229,0.005821228,-0.0030975342,0.0042762756
4,1500538670284,-5.6028366E-4,9.393692E-5,0.0032138824
4,1500538670286,0.0026302338,-0.006290436,0.002149582
4,1500538670288,-0.0026874542,-0.0030975342,0.002149582
4,1500538670344,5.0354004E-4,-0.0030975342,0.0010852814
4,1500538670349,-0.0026874542,-0.0020332336,-0.002105713
4,1500538670351,0.0015668869,-9.698868E-4,2.193451E-5
4,1500538670404,0.0015668869,-0.0041618347,2.193451E-5
4,1500538670412,0.0036945343,-0.0073547363,-0.002105713
4,1500538670416,5.0354004E-4,-0.0020332336,-0.002105713
4,1500538670465,-0.011199951,0.0032863617,-0.004234314
4,1500538670468,-0.0058784485,0.006477356,-0.002105713
4,1500538670471,5.0354004E-4,0.006477356,2.193451E-5
4,1500538670525,-0.0026874542,9.393692E-5,2.193451E-5
4,1500538670529,-0.0026874542,0.0011577606,2.193451E-5
4,1500538670532,-0.0016241074,-0.0020332336,0.0010852814
4,1500538670586,-5.6028366E-4,-0.0052261353,0.002149582
4,1500538670591,-0.006942749,0.0011577606,0.0042762756
4,1500538670594,-0.011199951,0.0054130554,0.0032138824
4,1500538670646,-0.00907135,0.008605957,0.0010852814
4,1500538670651,-0.010131836,0.008605957,-0.0052986145
4,1500538670654,-0.00907135,0.0054130554,-0.0010414124
4,1500538670708,-0.0037517548,9.393692E-5,-0.004234314
4,1500538670712,-0.0037517548,9.393692E-5,-0.0031700134
4,1500538670714,0.0015668869,-0.0073547363,-0.0010414124
4,1500538670768,0.0036945343,-0.008415222,-0.0010414124
4,1500538670772,0.0026302338,-0.01374054,2.193451E-5
4,1500538670775,-0.0016241074,-0.006290436,0.002149582
4,1500538670829,-5.6028366E-4,-0.012672424,0.010658264
4,1500538670834,0.005821228,-0.0211792,0.0074691772
4,1500538670836,0.0047569275,-0.020111084,0.0042762756
4,1500538670889,-5.6028366E-4,-0.012672424,0.0032138824
4,1500538670894,0.0015668869,-0.01374054,0.0010852814
4,1500538670897,5.0354004E-4,-0.009483337,-0.004234314
4,1500538670950,0.0015668869,-0.0052261353,-0.004234314
4,1500538670954,0.0047569275,-0.0030975342,-0.004234314
4,1500538670957,-0.0026874542,0.0032863617,-0.004234314
4,1500538671011,-0.004814148,0.004348755,-0.004234314
4,1500538671015,-0.004814148,0.009666443,-0.004234314
4,1500538671017,0.0047569275,0.0022220612,0.0010852814
4,1500538671073,0.0036945343,-0.0020332336,2.193451E-5
4,1500538671077,-0.0016241074,0.0054130554,0.0042762756
4,1500538671080,5.0354004E-4,0.0054130554,0.0010852814
4,1500538671133,-0.0037517548,-0.0020332336,-0.0031700134
4,1500538671137,0.0015668869,-0.0041618347,-0.0052986145
4,1500538671140,-0.0058784485,9.393692E-5,-0.0010414124
4,1500538671193,-0.0016241074,9.393692E-5,0.0042762756
4,1500538671196,-0.0016241074,-9.698868E-4,2.193451E-5
4,1500538671199,-5.6028366E-4,0.0011577606,0.0010852814
4,1500538671254,-5.6028366E-4,-0.0116119385,0.0010852814
4,1500538671257,0.009010315,-0.0116119385,0.0042762756
4,1500538671260,5.0354004E-4,-0.0052261353,2.193451E-5
4,1500538671315,-0.008003235,-0.0041618347,-0.0052986145
4,1500538671318,-0.0058784485,-0.0052261353,-0.0031700134
4,1500538671321,-0.0026874542,-0.0116119385,-0.0052986145
4,1500538671379,-0.0026874542,-0.0116119385,-0.006362915
4,1500538671383,-0.015457153,-0.0030975342,-0.009552002
4,1500538671385,-0.010131836,0.009666443,2.193451E-5
4,1500538671437,-0.004814148,0.0075416565,-0.0010414124
4,1500538671441,-0.0016241074,0.004348755,0.0010852814
4,1500538671444,-0.0037517548,0.008605957,0.0010852814
4,1500538671497,0.0015668869,-0.0041618347,-0.002105713
4,1500538671501,5.0354004E-4,-0.0052261353,0.002149582
4,1500538671503,-0.004814148,0.004348755,2.193451E-5
4,1500538671560,-0.004814148,0.004348755,-0.0010414124
4,1500538671564,-5.6028366E-4,-0.006290436,-0.0010414124
4,1500538671567,0.0026302338,-0.014801025,2.193451E-5
4,1500538671619,-0.010131836,-0.0020332336,-0.006362915
4,1500538671623,-0.006942749,0.0075416565,-0.004234314
4,1500538671625,-0.004814148,0.004348755,-0.0031700134
4,1500538671680,0.0026302338,0.0011577606,2.193451E-5
4,1500538671684,-0.0016241074,0.0022220612,-0.002105713
4,1500538671686,-0.004814148,0.004348755,-0.0031700134
4,1500538671742,-0.006942749,0.008605957,0.0032138824
4,1500538671746,0.0015668869,-0.0052261353,-0.0010414124
4,1500538671748,0.011138916,-0.01374054,2.193451E-5
4,1500538671802,0.0036945343,0.0032863617,-0.0010414124
4,1500538671806,-0.0037517548,0.0032863617,-0.002105713
4,1500538671808,0.0026302338,-0.006290436,0.002149582
4,1500538671862,0.012207031,-0.0116119385,0.0042762756
4,1500538671865,0.007949829,-0.0041618347,0.0042762756
4,1500538671867,0.0015668869,-0.0020332336,0.005340576
4,1500538671922,-5.6028366E-4,0.0011577606,0.005340576
4,1500538671926,0.005821228,-0.0052261353,0.008529663
4,1500538671928,0.009010315,0.006477356,0.011726379
4,1500538671983,-0.011199951,0.012863159,0.0032138824
4,1500538671987,-0.01864624,0.008605957,-0.008491516
4,1500538671990,-0.020767212,0.027755737,-0.008491516
4,1500538672044,0.0036945343,9.393692E-5,-0.0074272156
4,1500538672047,-0.0016241074,0.012863159,-0.006362915
4,1500538672049,-0.0026874542,0.027755737,2.193451E-5
4,1500538672113,-0.0037517548,0.026687622,0.0032138824
4,1500538672117,0.005821228,0.012863159,0.0032138824
4,1500538672119,5.0354004E-4,0.006477356,0.0064048767
4,1500538672167,-0.0037517548,0.0075416565,0.0032138824
4,1500538672170,-0.0016241074,0.0022220612,0.005340576
4,1500538672173,-0.004814148,-0.0041618347,0.0042762756
4,1500538672226,5.0354004E-4,-0.017990112,2.193451E-5
4,1500538672229,5.0354004E-4,-0.014801025,0.0010852814
4,1500538672231,-0.0037517548,0.0022220612,0.0010852814
4,1500538672286,-0.0016241074,-0.0030975342,-0.0031700134
4,1500538672292,0.0047569275,-0.01374054,-0.0052986145
4,1500538672294,0.0015668869,-0.0030975342,2.193451E-5
4,1500538672351,5.0354004E-4,-0.0020332336,-0.004234314
4,1500538672354,-0.0058784485,-0.0052261353,-0.0074272156
4,1500538672355,0.005821228,9.393692E-5,0.002149582
4,1500538672408,0.0068855286,0.0032863617,0.005340576
4,1500538672412,0.011138916,-0.0073547363,0.0010852814
4,1500538672415,-0.0016241074,-0.008415222,-0.0010414124
4,1500538672469,0.0036945343,-0.012672424,0.005340576
4,1500538672472,0.01007843,-0.012672424,-0.0010414124
4,1500538672474,0.005821228,-0.022247314,-0.002105713
4,1500538672532,-0.0016241074,-0.01586914,-0.006362915
4,1500538672536,-0.0026874542,-9.698868E-4,-0.006362915
4,1500538672538,0.0015668869,-0.009483337,-0.012741089
4,1500538672590,0.016464233,-0.0052261353,-0.020187378
4,1500538672594,0.0015668869,0.021377563,-0.010620117
4,1500538672596,-0.0037517548,9.393692E-5,-0.010620117
4,1500538672653,0.0036945343,-0.0030975342,-0.015930176
4,1500538672663,-0.0037517548,-0.0052261353,-0.01486969
4,1500538672665,0.007949829,-0.0041618347,-0.0074272156
4,1500538672716,0.01007843,-0.019058228,-0.009552002
4,1500538672721,0.015396118,-0.029693604,-0.013809204
4,1500538672724,0.0036945343,-0.009483337,-0.008491516
4,1500538672772,0.016464233,-0.028625488,-0.0031700134
4,1500538672776,0.01751709,-0.037139893,-0.012741089
4,1500538672778,0.012207031,-0.026504517,-0.01486969
4,1500538672833,0.01965332,-0.046722412,-0.013809204
4,1500538672836,0.02923584,-0.039276123,-0.09039307
4,1500538672840,0.056884766,-0.008415222,-0.08294678
4,1500538672893,0.026031494,-0.12646484,-0.07336426
4,1500538672897,-0.020767212,-0.15197754,-0.08508301
4,1500538672900,0.0047569275,-0.16589355,-0.054229736
4,1500538672954,0.0345459,-0.17541504,-0.038269043
4,1500538672959,0.040924072,-0.11376953,-0.04360962
4,1500538672963,0.015396118,-0.03286743,-0.027633667
4,1500538673016,0.021774292,0.0054130554,-0.012741089
4,1500538673021,0.05581665,-0.12646484,-0.061676025
4,1500538673023,-0.21765137,-0.1328125,-0.030838013
4,1500538673076,-0.040985107,-0.09887695,-0.05529785
4,1500538673079,-0.13781738,0.037322998,-0.11383057
4,1500538673082,0.03878784,-0.12335205,-0.117004395
4,1500538673136,-0.17614746,-0.14880371,-0.06274414
4,1500538673140,0.29516602,0.02456665,-0.27539063
4,1500538673143,0.09307861,0.37890625,-0.10638428
4,1500538673199,-0.17614746,0.50439453,0.20532227
4,1500538673203,-0.1430664,0.6147461,0.19152832
4,1500538673205,-0.06439209,0.40112305,0.04257202
4,1500538673258,-0.29833984,0.27563477,0.12878418
4,1500538673262,-0.3984375,0.2553711,0.1138916
4,1500538673264,0.1270752,0.004348755,0.5551758
4,1500538673319,0.51416016,0.37768555,0.07446289
4,1500538673323,0.76220703,0.33740234,-0.16381836
4,1500538673325,1.7851563,-0.081848145,-0.0052986145
4,1500538673380,1.5419922,-0.24353027,0.07659912
4,1500538673383,-0.27929688,-0.10949707,0.019165039
4,1500538673386,-0.90283203,0.21496582,0.023422241
4,1500538673440,-1.1806641,0.24060059,-0.06488037
4,1500538673444,-0.60498047,0.123535156,-0.044647217
4,1500538673446,-0.20373535,-0.017990112,-0.036132813
4,1500538673501,0.13452148,-0.11798096,0.0074691772
4,1500538673504,0.53759766,-0.16052246,0.010658264
4,1500538673507,0.74609375,-0.039276123,-0.004234314
4,1500538673562,0.4580078,0.038391113,0.024490356
4,1500538673565,-0.00907135,0.08416748,0.009597778
4,1500538673568,-0.26220703,0.047973633,0.002149582
4,1500538673623,-0.38256836,-0.019058228,-0.009552002
4,1500538673626,-0.22827148,-0.046722412,-0.013809204
4,1500538673629,-0.006942749,9.393692E-5,-0.012741089
4,1500538673683,0.14624023,0.021377563,0.009597778
4,1500538673687,0.16967773,0.020309448,0.0032138824
4,1500538673689,0.04837036,0.006477356,0.0010852814
4,1500538673744,-0.051635742,-0.0030975342,-0.0010414124
4,1500538673748,-0.07183838,-0.0073547363,0.0032138824
4,1500538673750,-0.051635742,-0.0030975342,0.0032138824
4,1500538673805,0.005821228,0.010734558,0.0010852814
4,1500538673808,0.052642822,0.017120361,-0.0052986145
4,1500538673810,0.039855957,-0.006290436,2.193451E-5
4,1500538673865,-0.02822876,-0.02331543,0.0010852814
4,1500538673868,-0.043121338,-0.0030975342,0.0010852814
4,1500538673871,-0.0016241074,0.029891968,-0.002105713
4,1500538673927,0.032409668,0.012863159,0.0010852814
4,1500538673930,0.007949829,-0.022247314,2.193451E-5
4,1500538673932,-0.020767212,-0.019058228,-0.002105713
4,1500538673987,-0.0037517548,0.013923645,-0.0010414124
4,1500538673990,0.0068855286,0.026687622,2.193451E-5
4,1500538673993,0.013267517,0.008605957,0.0032138824
4,1500538674047,0.009010315,-0.0030975342,-0.002105713
4,1500538674051,0.0047569275,-0.0020332336,-0.0031700134
4,1500538674054,-0.010131836,9.393692E-5,-0.0010414124
4,1500538674108,-5.6028366E-4,9.393692E-5,0.0010852814
4,1500538674112,0.012207031,0.006477356,0.0010852814
4,1500538674115,0.009010315,0.004348755,0.0010852814
4,1500538674169,-0.0058784485,-0.010543823,2.193451E-5
4,1500538674173,-0.008003235,-0.012672424,2.193451E-5
4,1500538674176,-5.6028366E-4,0.0022220612,-0.0010414124
4,1500538674230,0.014335632,0.013923645,2.193451E-5
4,1500538674233,0.009010315,0.009666443,0.0010852814
4,1500538674236,-0.01651001,-0.0041618347,0.0010852814
4,1500538674290,-0.019714355,-0.0073547363,-0.002105713
4,1500538674294,0.0015668869,0.0022220612,-0.0031700134
4,1500538674297,0.016464233,0.0011577606,-0.0010414124
4,1500538674351,-0.0058784485,-0.0030975342,0.0010852814
4,1500538674355,-0.027160645,0.0011577606,0.0010852814
4,1500538674357,-0.00907135,0.012863159,0.0010852814
4,1500538674412,0.020721436,0.020309448,-0.0010414124
4,1500538674415,0.020721436,0.008605957,2.193451E-5
4,1500538674418,-0.011199951,-0.010543823,-0.0010414124
4,1500538674473,-0.020767212,-0.020111084,0.0010852814
4,1500538674477,-0.0058784485,-0.0052261353,0.0010852814
4,1500538674481,0.005821228,0.018173218,-0.002105713
4,1500538674534,0.0026302338,0.018173218,-0.0031700134
4,1500538674537,-0.0058784485,-0.0020332336,-0.002105713
4,1500538674553,-0.011199951,-0.012672424,2.193451E-5
4,1500538674574,-0.004814148,0.006477356,0.0032138824
4,1500538674583,0.0015668869,0.029891968,-0.0031700134
4,1500538674635,-0.0037517548,0.010734558,-0.0031700134
4,1500538674638,-0.0037517548,-0.028625488,-0.0010414124
4,1500538674644,-0.01651001,-0.037139893,0.0010852814
4,1500538674695,-0.01651001,0.006477356,0.0010852814
4,1500538674698,5.0354004E-4,0.040527344,2.193451E-5
4,1500538674700,0.0068855286,0.017120361,2.193451E-5
4,1500538674756,-5.6028366E-4,-0.024368286,0.002149582
4,1500538674758,-0.011199951,-0.0211792,0.0032138824
4,1500538674760,-0.012260437,0.026687622,0.002149582
4,1500538674816,0.007949829,0.05328369,-0.0010414124
4,1500538674819,0.009010315,0.020309448,2.193451E-5
4,1500538674821,5.0354004E-4,-0.031829834,0.0032138824
4,1500538674877,-0.010131836,-0.028625488,0.0032138824
4,1500538674880,-0.011199951,0.01499176,2.193451E-5
4,1500538674882,-0.008003235,0.009666443,0.0032138824
4,1500538674938,-0.01864624,-0.010543823,0.0010852814
4,1500538674941,-0.023971558,0.0011577606,-0.004234314
4,1500538674943,5.0354004E-4,0.013923645,-0.004234314
4,1500538674999,-0.014389038,-0.0073547363,-0.0010414124
4,1500538675004,-0.025024414,-0.029693604,0.0064048767
4,1500538675006,-0.011199951,-0.0052261353,0.0042762756
4,1500538675061,0.013267517,0.01499176,0.0010852814
4,1500538675066,0.007949829,-0.0020332336,2.193451E-5
4,1500538675067,-0.0026874542,-0.028625488,0.0010852814
4,1500538675121,0.0015668869,-0.026504517,-0.002105713
4,1500538675126,0.015396118,0.004348755,-0.0010414124
4,1500538675127,0.016464233,0.027755737,-0.004234314
4,1500538675183,0.0047569275,0.009666443,0.0010852814
4,1500538675187,0.005821228,-0.022247314,2.193451E-5
4,1500538675188,0.014335632,-0.030761719,2.193451E-5
4,1500538675244,0.0026302338,-0.0073547363,-0.0010414124
4,1500538675248,-0.0016241074,0.010734558,-0.0031700134
4,1500538675249,0.016464233,-9.698868E-4,-0.0010414124
4,1500538675304,0.009010315,-0.022247314,2.193451E-5
4,1500538675308,-0.012260437,-0.028625488,-0.0010414124
4,1500538675310,-0.0058784485,-0.006290436,-0.0031700134
4,1500538675365,0.01007843,0.0054130554,-0.0031700134
4,1500538675370,0.009010315,-0.0020332336,2.193451E-5
4,1500538675371,-0.0037517548,-0.0052261353,-0.004234314
4,1500538675425,0.0068855286,9.393692E-5,-0.0074272156
4,1500538675430,0.014335632,-0.008415222,-0.004234314
4,1500538675432,5.0354004E-4,-0.0211792,2.193451E-5
4,1500538675486,-0.013328552,-0.012672424,0.0032138824
4,1500538675491,-0.004814148,0.0075416565,-0.0010414124
4,1500538675492,0.0068855286,0.0054130554,-0.002105713
4,1500538675547,5.0354004E-4,-0.017990112,0.0010852814
4,1500538675552,-0.010131836,-0.012672424,0.002149582
4,1500538675553,0.0047569275,0.023498535,0.002149582
4,1500538675608,0.015396118,0.037322998,-0.0010414124
4,1500538675612,-0.0058784485,0.0011577606,-0.0010414124
4,1500538675614,-0.019714355,-0.029693604,-0.0010414124
4,1500538675669,-0.00907135,-0.0116119385,2.193451E-5
4,1500538675673,0.014335632,0.037322998,0.0010852814
4,1500538675675,0.01007843,0.030944824,0.0010852814
4,1500538675730,-0.020767212,-0.020111084,-0.0031700134
4,1500538675735,-0.012260437,-0.039276123,0.0042762756
4,1500538675736,0.01751709,0.006477356,0.002149582
4,1500538675793,0.01965332,0.059661865,2.193451E-5
4,1500538675798,-0.0026874542,0.037322998,-0.0031700134
4,1500538675805,-0.019714355,-0.027572632,-0.0052986145
4,1500538675853,-0.0016241074,-0.0541687,2.193451E-5
4,1500538675858,0.005821228,-0.0116119385,0.0010852814
4,1500538675869,-0.004814148,0.046905518,2.193451E-5
4,1500538675914,-0.011199951,0.038391113,-0.0052986145
4,1500538675918,-0.0016241074,-0.022247314,-0.004234314
4,1500538675925,0.01751709,-0.045654297,0.0010852814
4,1500538675974,0.0015668869,0.008605957,0.005340576
4,1500538675980,-0.008003235,0.06817627,2.193451E-5
4,1500538675989,-0.008003235,0.043701172,-0.004234314
4,1500538676036,-0.006942749,-0.03286743,-0.0031700134
4,1500538676041,5.0354004E-4,-0.060546875,0.0010852814
4,1500538676046,-0.010131836,-0.0052261353,0.0032138824
4,1500538676096,-0.01651001,0.05114746,-0.0010414124
4,1500538676106,-0.011199951,0.028823853,-0.002105713
4,1500538676110,-5.6028366E-4,-0.033935547,-0.002105713
4,1500538676155,-0.008003235,-0.060546875,0.0010852814
4,1500538676158,-0.008003235,-0.014801025,-0.002105713
4,1500538676160,0.0015668869,0.038391113,-0.0010414124
4,1500538676216,0.0015668869,0.038391113,2.193451E-5
4,1500538676218,-5.6028366E-4,-0.0052261353,2.193451E-5
4,1500538676220,-0.0037517548,-0.033935547,2.193451E-5
4,1500538676277,-5.6028366E-4,-0.012672424,-0.0010414124
4,1500538676280,5.0354004E-4,0.016052246,-0.0010414124
4,1500538676281,-0.011199951,0.017120361,2.193451E-5
4,1500538676337,-5.6028366E-4,0.0011577606,-0.0010414124
4,1500538676340,0.018585205,0.0011577606,-0.0031700134
4,1500538676342,0.007949829,9.393692E-5,-0.0031700134
4,1500538676398,-0.014389038,-0.010543823,-0.0031700134
4,1500538676401,-0.0058784485,-0.009483337,0.002149582
4,1500538676403,0.012207031,0.0022220612,0.0010852814
4,1500538676459,0.0036945343,-0.0041618347,2.193451E-5
4,1500538676462,-0.00907135,-0.019058228,0.0010852814
4,1500538676464,-0.0026874542,-0.014801025,2.193451E-5
4,1500538676520,0.007949829,0.016052246,2.193451E-5
4,1500538676522,0.0047569275,0.01499176,-0.002105713
4,1500538676524,-0.012260437,-0.0030975342,-0.0010414124
4,1500538676582,-0.011199951,-0.020111084,-0.0010414124
4,1500538676585,-0.00907135,-0.016921997,0.0010852814
4,1500538676588,-0.0058784485,0.0054130554,2.193451E-5
4,1500538676642,-5.6028366E-4,0.023498535,-0.0010414124
4,1500538676645,-0.0026874542,0.010734558,-0.0052986145
4,1500538676648,-0.006942749,-0.01374054,-0.0010414124
4,1500538676703,-0.0058784485,-0.012672424,-0.002105713
4,1500538676706,0.01007843,0.012863159,-0.0010414124
4,1500538676709,-0.019714355,0.006477356,0.0042762756
4,1500538676763,-0.0569458,-0.01374054,0.010658264
4,1500538676767,-0.03353882,-0.009483337,0.008529663
4,1500538676770,-0.021835327,0.0032863617,0.005340576
4,1500538676825,-0.014389038,0.011795044,0.0032138824
4,1500538676828,0.01751709,0.013923645,0.0010852814
4,1500538676832,0.028167725,0.012863159,-0.002105713
4,1500538676885,0.028167725,0.010734558,2.193451E-5
4,1500538676889,0.02709961,-0.04034424,-0.032958984
4,1500538676892,0.15905762,0.23730469,-0.052124023
4,1500538676947,0.47705078,0.8310547,0.043640137
4,1500538676951,0.36865234,1.5068359,-0.07336426
4,1500538676953,0.040924072,1.8828125,-0.20739746
4,1500538677006,-0.06121826,-0.5722656,0.31176758
4,1500538677010,-0.49536133,-1.6943359,-0.057434082
4,1500538677016,-0.17504883,0.30126953,-0.047851563
4,1500538677071,0.4165039,3.3964844,0.079833984
4,1500538677074,-0.050567627,0.8105469,0.17980957
4,1500538677076,-0.51953125,-3.7597656,-0.15637207
