2,1500538660321,1498.0,-331.75,-529.5
2,1500538660383,1497.0,-331.0,-530.0
2,1500538660387,1497.0,-331.0,-530.0
2,1500538660389,1497.0,-330.75,-530.5
2,1500538660438,1497.0,-331.0,-528.5
2,1500538660440,1497.0,-331.5,-528.5
2,1500538660443,1497.0,-331.25,-529.0
2,1500538660500,1497.0,-331.0,-529.0
2,1500538660501,1497.0,-331.0,-530.0
2,1500538660503,1497.0,-331.5,-528.5
2,1500538660559,1497.0,-331.25,-529.5
2,1500538660561,1498.0,-330.5,-530.5
2,1500538660569,1497.0,-331.25,-529.0
2,1500538660620,1497.0,-331.75,-528.5
2,1500538660623,1497.0,-331.0,-531.5
2,1500538660625,1497.0,-331.75,-529.5
2,1500538660683,1497.0,-331.5,-529.0
2,1500538660686,1497.0,-331.5,-531.0
2,1500538660690,1497.0,-332.0,-529.5
2,1500538660741,1497.0,-332.0,-529.0
2,1500538660745,1497.0,-331.0,-530.5
2,1500538660748,1498.0,-331.25,-529.5
2,1500538660803,1498.0,-331.5,-529.0
2,1500538660806,1497.0,-331.25,-531.0
2,1500538660808,1497.0,-331.75,-529.0
2,1500538660863,1498.0,-331.5,-529.0
2,1500538660865,1497.0,-331.25,-530.5
2,1500538660868,1497.0,-331.0,-530.0
2,1500538660923,1497.0,-331.5,-529.5
2,1500538660926,1497.0,-331.0,-531.0
2,1500538660928,1497.0,-331.25,-529.5
2,1500538660987,1497.0,-332.25,-529.0
2,1500538660991,1497.0,-331.25,-530.5
2,1500538660993,1497.0,-331.5,-530.0
2,1500538661045,1497.0,-331.5,-530.0
2,1500538661049,1497.0,-331.0,-530.5
2,1500538661052,1497.0,-332.0,-529.0
2,1500538661107,1497.0,-331.25,-529.0
2,1500538661111,1497.0,-331.25,-531.0
2,1500538661114,1497.0,-331.5,-528.5
2,1500538661169,1497.0,-332.0,-529.5
2,1500538661173,1497.0,-331.5,-530.5
2,1500538661175,1497.0,-331.5,-530.0
2,1500538661228,1497.0,-332.0,-529.5
2,1500538661232,1497.0,-331.5,-530.5
2,1500538661236,1497.0,-332.25,-529.0
2,1500538661288,1497.0,-332.25,-529.0
2,1500538661291,1497.0,-331.5,-530.5
2,1500538661296,1498.0,-331.25,-529.0
2,1500538661349,1497.0,-331.5,-529.5
2,1500538661354,1497.0,-331.5,-530.5
2,1500538661356,1497.0,-332.25,-529.0
2,1500538661410,1497.0,-331.5,-529.5
2,1500538661415,1497.0,-331.5,-530.5
2,1500538661417,1497.0,-331.25,-529.0
2,1500538661475,1497.0,-332.25,-529.0
2,1500538661479,1497.0,-331.25,-530.5
2,1500538661481,1497.0,-331.5,-529.0
2,1500538661535,1497.0,-332.0,-529.0
2,1500538661537,1497.0,-331.5,-530.5
2,1500538661541,1497.0,-331.5,-529.5
2,1500538661593,1497.0,-332.25,-529.0
2,1500538661597,1497.0,-331.25,-529.0
2,1500538661601,1497.0,-331.5,-530.0
2,1500538661653,1497.0,-331.5,-529.5
2,1500538661657,1497.0,-331.25,-531.0
2,1500538661660,1497.0,-332.0,-530.0
2,1500538661714,1497.0,-331.25,-530.0
2,1500538661720,1498.0,-331.5,-530.5
2,1500538661723,1498.0,-331.25,-530.0
2,1500538661775,1497.0,-332.25,-529.0
2,1500538661777,1497.0,-331.5,-530.5
2,1500538661780,1497.0,-331.25,-530.0
2,1500538661839,1497.0,-332.25,-529.5
2,1500538661846,1497.0,-331.0,-531.5
2,1500538661858,1497.0,-332.0,-530.0
2,1500538661885,1497.0,-332.25,-529.0
2,1500538661894,1497.0,-331.5,-530.0
2,1500538661937,1497.0,-331.0,-530.5
2,1500538661939,1498.0,-331.0,-531.0
2,1500538661942,1497.0,-331.5,-529.5
2,1500538661998,1497.0,-332.25,-529.0
2,1500538662003,1497.0,-331.25,-530.5
2,1500538662005,1497.0,-331.75,-529.5
2,1500538662059,1497.0,-332.0,-529.5
2,1500538662064,1497.0,-331.5,-530.0
2,1500538662066,1497.0,-331.75,-530.0
2,1500538662120,1497.0,-331.5,-529.5
2,1500538662124,1497.0,-331.5,-530.5
2,1500538662126,1497.0,-331.25,-530.5
2,1500538662180,1497.0,-332.0,-529.0
2,1500538662184,1497.0,-331.5,-530.5
2,1500538662189,1497.0,-331.5,-530.0
2,1500538662242,1497.0,-332.25,-529.5
2,1500538662245,1497.0,-331.25,-531.0
2,1500538662250,1497.0,-332.25,-529.0
2,1500538662303,1497.0,-332.25,-529.0
2,1500538662306,1497.0,-331.75,-530.0
2,1500538662309,1497.0,-331.75,-529.5
2,1500538662363,1497.0,-331.75,-529.5
2,1500538662367,1497.0,-331.75,-531.0
2,1500538662371,1497.0,-332.25,-529.0
2,1500538662424,1497.0,-331.75,-530.0
2,1500538662428,1497.0,-331.5,-530.0
2,1500538662432,1497.0,-332.0,-530.0
2,1500538662485,1497.0,-331.5,-530.5
2,1500538662488,1497.0,-331.5,-530.5
2,1500538662491,1497.0,-331.25,-530.5
2,1500538662545,1497.0,-331.75,-530.0
2,1500538662549,1497.0,-331.5,-531.0
2,1500538662552,1497.0,-331.75,-530.0
2,1500538662607,1497.0,-332.0,-529.5
2,1500538662611,1497.0,-331.5,-531.0
2,1500538662614,1497.0,-330.75,-530.5
2,1500538662668,1497.0,-331.0,-530.5
2,1500538662673,1497.0,-331.5,-531.0
2,1500538662676,1497.0,-331.25,-530.0
2,1500538662729,1497.0,-331.25,-530.5
2,1500538662734,1497.0,-331.25,-530.5
2,1500538662736,1497.0,-330.75,-530.5
2,1500538662788,1497.0,-331.75,-530.0
2,1500538662793,1497.0,-331.25,-530.5
2,1500538662795,1497.0,-331.0,-530.5
2,1500538662849,1497.0,-332.0,-529.5
2,1500538662852,1497.0,-331.5,-531.0
2,1500538662856,1497.0,-332.0,-529.5
2,1500538662911,1497.0,-332.0,-529.5
2,1500538662914,1497.0,-331.5,-531.0
2,1500538662919,1497.0,-331.0,-530.5
2,1500538662971,1497.0,-331.75,-529.5
2,1500538662974,1497.0,-331.25,-530.5
2,1500538662978,1497.0,-331.75,-530.0
2,1500538663032,1497.0,-331.75,-530.0
2,1500538663036,1497.0,-331.5,-529.5
2,1500538663049,1497.0,-331.5,-530.5
2,1500538663092,1497.0,-332.0,-529.5
2,1500538663095,1497.0,-331.25,-530.5
2,1500538663097,1497.0,-331.25,-530.5
2,1500538663154,1497.0,-331.25,-530.0
2,1500538663157,1497.0,-331.25,-530.5
2,1500538663160,1497.0,-331.75,-530.0
2,1500538663213,1497.0,-332.25,-529.5
2,1500538663219,1497.0,-331.0,-531.0
2,1500538663222,1497.0,-331.5,-530.0
2,1500538663274,1497.0,-331.0,-530.5
2,1500538663279,1497.0,-331.0,-530.5
2,1500538663282,1497.0,-332.0,-530.0
2,1500538663334,1497.0,-331.5,-530.5
2,1500538663339,1497.0,-331.5,-530.5
2,1500538663341,1497.0,-331.25,-530.5
2,1500538663396,1497.0,-332.0,-529.5
2,1500538663400,1497.0,-331.25,-530.5
2,1500538663403,1497.0,-331.0,-530.5
2,1500538663456,1497.0,-331.25,-530.0
2,1500538663460,1497.0,-331.25,-530.0
2,1500538663463,1497.0,-331.5,-530.0
2,1500538663516,1497.0,-332.0,-529.5
2,1500538663520,1497.0,-331.5,-530.5
2,1500538663522,1497.0,-331.75,-530.0
2,1500538663577,1497.0,-332.0,-530.0
2,1500538663583,1497.0,-331.5,-531.0
2,1500538663587,1497.0,-332.0,-529.0
2,1500538663638,1497.0,-332.0,-530.0
2,1500538663640,1497.0,-331.5,-530.5
2,1500538663644,1497.0,-331.5,-530.5
2,1500538663703,1497.0,-331.75,-530.0
2,1500538663706,1497.0,-331.0,-530.5
2,1500538663708,1497.0,-331.5,-529.5
2,1500538663761,1497.0,-331.5,-530.0
2,1500538663764,1497.0,-331.5,-530.5
2,1500538663766,1498.0,-331.0,-530.0
2,1500538663821,1497.0,-331.75,-530.0
2,1500538663824,1497.0,-331.25,-530.5
2,1500538663828,1497.0,-332.0,-529.5
2,1500538663881,1497.0,-331.25,-530.5
2,1500538663886,1497.0,-330.75,-531.5
2,1500538663888,1497.0,-331.75,-529.5
2,1500538663944,1497.0,-331.5,-530.5
2,1500538663948,1497.0,-331.25,-530.5
2,1500538663951,1497.0,-331.25,-530.5
2,1500538664002,1497.0,-331.75,-530.0
2,1500538664006,1497.0,-331.25,-530.0
2,1500538664009,1497.0,-331.75,-530.0
2,1500538664066,1497.0,-332.0,-529.5
2,1500538664068,1497.0,-331.75,-530.5
2,1500538664072,1497.0,-331.25,-530.5
2,1500538664123,1497.0,-332.0,-529.5
2,1500538664128,1497.0,-331.25,-530.5
2,1500538664131,1497.0,-331.5,-529.5
2,1500538664184,1497.0,-331.25,-530.0
2,1500538664188,1497.0,-331.5,-530.5
2,1500538664190,1497.0,-331.5,-529.5
2,1500538664246,1497.0,-331.75,-530.0
2,1500538664250,1497.0,-331.25,-530.0
2,1500538664252,1497.0,-331.25,-530.0
2,1500538664307,1497.0,-331.75,-529.5
2,1500538664311,1497.0,-331.0,-530.0
2,1500538664313,1497.0,-331.25,-530.5
2,1500538664369,1497.0,-331.25,-529.5
2,1500538664374,1497.0,-331.0,-530.5
2,1500538664376,1497.0,-330.75,-529.5
2,1500538664427,1497.0,-331.0,-530.0
2,1500538664431,1497.0,-330.75,-530.0
2,1500538664434,1497.0,-331.25,-530.0
2,1500538664488,1497.0,-331.5,-530.0
2,1500538664494,1497.0,-331.25,-530.5
2,1500538664496,1497.0,-331.75,-529.0
2,1500538664548,1497.0,-331.75,-530.0
2,1500538664554,1497.0,-331.5,-530.5
2,1500538664557,1497.0,-331.25,-530.0
2,1500538664609,1497.0,-331.75,-529.5
2,1500538664613,1497.0,-331.5,-530.5
2,1500538664616,1497.0,-331.25,-530.0
2,1500538664670,1497.0,-331.25,-529.5
2,1500538664673,1497.0,-331.25,-531.0
2,1500538664677,1497.0,-332.0,-529.5
2,1500538664732,1497.0,-332.25,-529.0
2,1500538664737,1497.0,-331.5,-530.5
2,1500538664739,1497.0,-331.75,-529.5
2,1500538664797,1497.0,-331.75,-530.0
2,1500538664800,1497.0,-331.5,-530.0
2,1500538664802,1497.0,-331.5,-529.5
2,1500538664853,1497.0,-331.75,-530.0
2,1500538664857,1497.0,-331.75,-530.0
2,1500538664859,1497.0,-331.75,-530.0
2,1500538664914,1497.0,-331.5,-529.5
2,1500538664918,1497.0,-331.5,-530.0
2,1500538664922,1497.0,-331.5,-530.0
2,1500538664974,1497.0,-331.25,-529.5
2,1500538664978,1497.0,-331.25,-530.0
2,1500538664981,1497.0,-331.0,-530.0
2,1500538665035,1497.0,-331.25,-530.5
2,1500538665039,1497.0,-331.25,-530.5
2,1500538665041,1497.0,-331.75,-529.5
2,1500538665097,1497.0,-331.5,-530.0
2,1500538665101,1497.0,-331.5,-530.0
2,1500538665103,1497.0,-330.75,-531.0
2,1500538665158,1497.0,-331.25,-529.5
2,1500538665162,1497.0,-331.0,-530.5
2,1500538665165,1497.0,-331.75,-529.0
2,1500538665218,1497.0,-331.5,-529.0
2,1500538665221,1497.0,-331.25,-530.0
2,1500538665226,1497.0,-331.75,-529.0
2,1500538665278,1496.0,-332.0,-529.0
2,1500538665282,1497.0,-331.25,-530.0
2,1500538665285,1497.0,-331.5,-530.0
2,1500538665338,1497.0,-331.0,-530.0
2,1500538665343,1497.0,-331.25,-530.0
2,1500538665345,1497.0,-331.75,-529.5
2,1500538665400,1496.0,-331.5,-530.0
2,1500538665404,1497.0,-331.5,-530.5
2,1500538665409,1497.0,-330.75,-530.5
2,1500538665445,1496.0,-331.75,-529.0
2,1500538665449,1497.0,-331.0,-530.0
2,1500538665500,1497.0,-331.0,-530.0
2,1500538665504,1497.0,-331.0,-529.5
2,1500538665509,1497.0,-331.25,-530.0
2,1500538665563,1497.0,-331.75,-529.0
2,1500538665566,1497.0,-331.25,-530.5
2,1500538665569,1497.0,-331.0,-530.0
2,1500538665624,1497.0,-331.25,-529.5
2,1500538665627,1497.0,-330.75,-530.5
2,1500538665633,1496.0,-331.75,-529.0
2,1500538665686,1497.0,-331.25,-529.5
2,1500538665695,1497.0,-331.0,-530.0
2,1500538665703,1497.0,-331.25,-529.5
2,1500538665723,1497.0,-330.75,-530.5
2,1500538665729,1497.0,-331.0,-530.5
2,1500538665784,1497.0,-330.75,-530.0
2,1500538665787,1497.0,-331.5,-529.5
2,1500538665790,1497.0,-331.25,-530.0
2,1500538665846,1497.0,-330.75,-530.5
2,1500538665849,1496.0,-331.25,-530.0
2,1500538665852,1496.0,-331.75,-529.0
2,1500538665907,1497.0,-331.75,-529.5
2,1500538665911,1497.0,-331.0,-530.0
2,1500538665915,1497.0,-331.0,-530.5
2,1500538665969,1497.0,-331.25,-529.5
2,1500538665973,1497.0,-331.0,-530.0
2,1500538665977,1497.0,-331.5,-530.0
2,1500538666027,1497.0,-331.25,-529.5
2,1500538666030,1497.0,-330.75,-530.5
2,1500538666033,1497.0,-332.0,-529.5
2,1500538666088,1497.0,-331.75,-529.0
2,1500538666092,1497.0,-331.5,-530.5
2,1500538666096,1497.0,-331.25,-529.5
2,1500538666148,1497.0,-331.5,-529.5
2,1500538666152,1497.0,-331.25,-530.0
2,1500538666155,1496.0,-332.0,-529.5
2,1500538666209,1497.0,-331.25,-530.0
2,1500538666213,1496.0,-331.25,-530.5
2,1500538666217,1497.0,-331.25,-530.0
2,1500538666270,1496.0,-331.75,-529.5
2,1500538666275,1496.0,-331.25,-530.5
2,1500538666277,1496.0,-331.5,-529.5
2,1500538666331,1497.0,-331.5,-529.5
2,1500538666335,1497.0,-331.5,-529.5
2,1500538666337,1497.0,-331.25,-529.0
2,1500538666391,1497.0,-331.75,-528.5
2,1500538666395,1497.0,-331.0,-529.5
2,1500538666400,1497.0,-331.5,-529.0
2,1500538666454,1497.0,-331.0,-530.0
2,1500538666458,1497.0,-331.25,-530.0
2,1500538666460,1497.0,-331.0,-529.5
2,1500538666515,1497.0,-331.25,-529.0
2,1500538666519,1497.0,-330.75,-530.0
2,1500538666522,1497.0,-330.75,-529.5
2,1500538666574,1497.0,-331.0,-529.0
2,1500538666578,1497.0,-330.5,-529.5
2,1500538666580,1497.0,-331.25,-529.5
2,1500538666634,1497.0,-331.0,-529.0
2,1500538666640,1496.0,-331.0,-529.5
2,1500538666643,1497.0,-331.0,-529.5
2,1500538666695,1497.0,-331.5,-529.0
2,1500538666699,1497.0,-331.0,-530.0
2,1500538666703,1497.0,-331.5,-528.5
2,1500538666756,1497.0,-330.75,-529.5
2,1500538666762,1496.0,-331.25,-530.0
2,1500538666764,1497.0,-331.25,-529.0
2,1500538666816,1496.0,-331.0,-529.0
2,1500538666820,1497.0,-331.0,-530.0
2,1500538666823,1497.0,-331.0,-529.5
2,1500538666877,1496.0,-331.25,-528.5
2,1500538666880,1497.0,-330.75,-529.5
2,1500538666884,1497.0,-331.0,-529.5
2,1500538666938,1497.0,-331.25,-529.0
2,1500538666941,1497.0,-331.25,-529.5
2,1500538666945,1497.0,-331.0,-529.0
2,1500538666999,1497.0,-331.5,-528.5
2,1500538667003,1497.0,-331.0,-530.0
2,1500538667006,1496.0,-331.25,-529.0
2,1500538667060,1497.0,-331.0,-530.0
2,1500538667064,1496.0,-331.25,-530.0
2,1500538667067,1497.0,-330.5,-530.0
2,1500538667120,1497.0,-330.75,-529.5
2,1500538667123,1497.0,-330.5,-530.0
2,1500538667126,1497.0,-330.75,-529.5
2,1500538667181,1497.0,-331.5,-529.5
2,1500538667184,1496.0,-331.0,-530.0
2,1500538667188,1497.0,-331.5,-528.5
2,1500538667243,1497.0,-330.75,-529.5
2,1500538667248,1497.0,-331.0,-529.0
2,1500538667251,1496.0,-331.0,-529.5
2,1500538667304,1497.0,-330.75,-530.0
2,1500538667308,1497.0,-331.25,-530.5
2,1500538667310,1497.0,-331.5,-529.5
2,1500538667363,1497.0,-330.75,-530.0
2,1500538667372,1497.0,-330.75,-530.0
2,1500538667375,1497.0,-330.75,-530.0
2,1500538667424,1496.0,-331.25,-529.0
2,1500538667427,1497.0,-331.0,-529.5
2,1500538667431,1497.0,-330.75,-529.5
2,1500538667485,1497.0,-331.0,-529.5
2,1500538667491,1497.0,-331.0,-530.0
2,1500538667497,1497.0,-331.25,-528.5
2,1500538667546,1497.0,-331.0,-529.0
2,1500538667551,1497.0,-331.0,-530.5
2,1500538667554,1497.0,-331.0,-530.0
2,1500538667607,1497.0,-331.25,-529.5
2,1500538667612,1496.0,-331.0,-529.5
2,1500538667614,1496.0,-331.25,-529.0
2,1500538667667,1496.0,-331.25,-529.0
2,1500538667672,1497.0,-330.75,-530.5
2,1500538667674,1496.0,-331.0,-530.0
2,1500538667728,1496.0,-331.25,-529.5
2,1500538667735,1496.0,-331.0,-530.0
2,1500538667739,1496.0,-331.5,-529.0
2,1500538667789,1497.0,-331.25,-529.5
2,1500538667795,1497.0,-331.0,-530.0
2,1500538667798,1496.0,-330.75,-529.0
2,1500538667849,1496.0,-331.5,-528.5
2,1500538667857,1497.0,-330.75,-530.0
2,1500538667859,1496.0,-331.0,-529.5
2,1500538667911,1496.0,-330.5,-530.0
2,1500538667915,1496.0,-331.0,-530.0
2,1500538667920,1497.0,-330.5,-530.5
2,1500538667971,1496.0,-331.25,-529.0
2,1500538667975,1496.0,-330.75,-529.5
2,1500538667979,1497.0,-331.0,-529.5
2,1500538668032,1496.0,-331.5,-529.0
2,1500538668035,1497.0,-331.25,-529.5
2,1500538668039,1496.0,-331.25,-529.5
2,1500538668095,1496.0,-331.0,-529.0
2,1500538668099,1496.0,-331.0,-530.0
2,1500538668101,1496.0,-331.25,-528.5
2,1500538668153,1496.0,-331.25,-529.0
2,1500538668157,1497.0,-330.5,-530.0
2,1500538668161,1497.0,-331.0,-529.0
2,1500538668215,1496.0,-331.0,-529.0
2,1500538668219,1497.0,-330.5,-530.0
2,1500538668221,1497.0,-331.5,-529.0
2,1500538668276,1496.0,-331.25,-529.5
2,1500538668280,1497.0,-330.5,-529.5
2,1500538668282,1497.0,-330.0,-530.0
2,1500538668336,1496.0,-331.25,-528.5
2,1500538668340,1496.0,-330.75,-529.5
2,1500538668343,1496.0,-331.0,-529.0
2,1500538668400,1497.0,-330.75,-529.0
2,1500538668403,1496.0,-331.0,-529.5
2,1500538668407,1496.0,-331.25,-528.0
2,1500538668457,1497.0,-331.0,-529.0
2,1500538668462,1496.0,-330.5,-529.5
2,1500538668465,1497.0,-330.75,-529.5
2,1500538668518,1496.0,-330.5,-529.5
2,1500538668523,1496.0,-330.75,-530.0
2,1500538668526,1496.0,-331.25,-529.0
2,1500538668583,1496.0,-331.25,-529.5
2,1500538668587,1497.0,-331.25,-529.5
2,1500538668589,1497.0,-330.75,-529.5
2,1500538668640,1496.0,-331.25,-529.0
2,1500538668644,1496.0,-330.75,-529.5
2,1500538668648,1497.0,-331.0,-529.5
2,1500538668700,1496.0,-331.0,-529.5
2,1500538668705,1496.0,-331.0,-529.5
2,1500538668707,1496.0,-330.75,-529.0
2,1500538668761,1496.0,-331.25,-529.0
2,1500538668767,1496.0,-330.75,-530.0
2,1500538668770,1497.0,-331.0,-529.0
2,1500538668823,1496.0,-331.25,-529.0
2,1500538668826,1496.0,-331.0,-530.0
2,1500538668830,1497.0,-330.75,-529.0
2,1500538668883,1496.0,-330.75,-529.0
2,1500538668888,1496.0,-331.0,-529.5
2,1500538668891,1496.0,-330.5,-529.0
2,1500538668944,1496.0,-331.0,-529.0
2,1500538668948,1496.0,-330.5,-529.5
2,1500538668950,1496.0,-331.0,-529.0
2,1500538669006,1497.0,-331.5,-529.0
2,1500538669011,1496.0,-331.0,-529.5
2,1500538669013,1496.0,-331.5,-528.5
2,1500538669065,1496.0,-331.25,-529.0
2,1500538669067,1496.0,-330.75,-529.5
2,1500538669070,1496.0,-330.75,-529.0
2,1500538669128,1497.0,-330.75,-529.5
2,1500538669132,1496.0,-330.75,-530.0
2,1500538669134,1496.0,-331.0,-528.5
2,1500538669187,1496.0,-331.0,-528.0
2,1500538669193,1496.0,-331.0,-529.0
2,1500538669195,1496.0,-331.0,-529.0
2,1500538669248,1496.0,-330.5,-529.0
2,1500538669251,1496.0,-330.5,-529.5
2,1500538669254,1496.0,-330.5,-529.0
2,1500538669309,1496.0,-331.0,-528.5
2,1500538669312,1496.0,-330.75,-529.5
2,1500538669315,1496.0,-331.25,-528.5
2,1500538669370,1496.0,-331.0,-528.5
2,1500538669374,1496.0,-330.75,-529.5
2,1500538669377,1496.0,-330.75,-529.0
2,1500538669431,1496.0,-330.75,-529.5
2,1500538669435,1496.0,-330.5,-529.0
2,1500538669437,1496.0,-330.75,-529.5
2,1500538669491,1496.0,-331.25,-528.5
2,1500538669495,1496.0,-330.5,-529.5
2,1500538669499,1496.0,-330.75,-529.5
2,1500538669556,1496.0,-330.5,-529.0
2,1500538669560,1496.0,-330.5,-529.5
2,1500538669562,1496.0,-330.5,-528.5
2,1500538669613,1496.0,-331.0,-529.0
2,1500538669617,1496.0,-330.5,-530.0
2,1500538669619,1496.0,-331.0,-528.5
2,1500538669674,1496.0,-330.5,-529.5
2,1500538669678,1496.0,-330.75,-529.5
2,1500538669680,1496.0,-331.0,-528.0
2,1500538669735,1496.0,-330.75,-529.5
2,1500538669739,1496.0,-330.5,-529.5
2,1500538669743,1496.0,-330.75,-529.5
2,1500538669795,1496.0,-331.25,-528.5
2,1500538669798,1496.0,-330.5,-529.5
2,1500538669802,1496.0,-330.25,-530.0
2,1500538669857,1496.0,-331.25,-528.5
2,1500538669861,1496.0,-331.0,-529.5
2,1500538669865,1496.0,-330.5,-528.0
2,1500538669918,1496.0,-331.25,-528.5
2,1500538669923,1496.0,-330.25,-529.5
2,1500538669926,1496.0,-331.25,-529.0
2,1500538669978,1496.0,-330.5,-529.0
2,1500538669984,1496.0,-330.5,-529.5
2,1500538669986,1496.0,-331.25,-528.5
2,1500538670042,1496.0,-331.0,-529.0
2,1500538670045,1496.0,-331.0,-529.5
2,1500538670047,1496.0,-330.25,-529.0
2,1500538670099,1496.0,-331.0,-528.0
2,1500538670103,1496.0,-330.5,-529.5
2,1500538670105,1496.0,-330.75,-529.0
2,1500538670162,1496.0,-330.5,-528.5
2,1500538670166,1496.0,-330.75,-529.0
2,1500538670168,1496.0,-330.0,-528.5
2,1500538670222,1496.0,-331.25,-528.0
2,1500538670226,1496.0,-330.5,-529.5
2,1500538670229,1496.0,-330.75,-528.5
2,1500538670283,1496.0,-330.5,-529.0
2,1500538670286,1496.0,-330.5,-529.0
2,1500538670288,1496.0,-331.25,-528.0
2,1500538670342,1496.0,-331.0,-529.0
2,1500538670348,1496.0,-330.5,-529.0
2,1500538670351,1496.0,-330.75,-529.0
2,1500538670403,1496.0,-331.25,-528.0
2,1500538670409,1496.0,-330.75,-529.5
2,1500538670415,1496.0,-330.75,-529.0
2,1500538670464,1496.0,-331.25,-528.5
2,1500538670467,1496.0,-330.75,-528.5
2,1500538670470,1496.0,-330.75,-529.0
2,1500538670524,1496.0,-331.5,-528.5
2,1500538670527,1496.0,-330.75,-529.0
2,1500538670532,1496.0,-330.75,-528.5
2,1500538670585,1496.0,-330.5,-529.0
2,1500538670589,1496.0,-330.75,-529.5
2,1500538670594,1496.0,-331.25,-528.5
2,1500538670646,1496.0,-330.75,-529.0
2,1500538670650,1496.0,-331.0,-529.0
2,1500538670653,1496.0,-330.75,-529.0
2,1500538670707,1496.0,-330.75,-529.5
2,1500538670711,1496.0,-330.75,-530.0
2,1500538670713,1496.0,-330.75,-528.5
2,1500538670768,1496.0,-331.25,-528.0
2,1500538670771,1496.0,-330.75,-529.5
2,1500538670774,1496.0,-330.75,-528.5
2,1500538670828,1496.0,-331.0,-529.0
2,1500538670833,1496.0,-330.5,-529.0
2,1500538670836,1496.0,-330.75,-528.5
2,1500538670888,1496.0,-330.75,-529.5
2,1500538670892,1496.0,-330.75,-529.0
2,1500538670896,1496.0,-330.5,-529.5
2,1500538670949,1496.0,-330.75,-529.0
2,1500538670953,1496.0,-330.75,-529.5
2,1500538670956,1496.0,-330.0,-529.5
2,1500538671010,1496.0,-331.25,-528.5
2,1500538671014,1496.0,-330.5,-529.5
2,1500538671017,1496.0,-331.25,-528.5
2,1500538671072,1496.0,-331.0,-528.5
2,1500538671077,1496.0,-330.75,-529.5
2,1500538671079,1496.0,-331.0,-528.5
2,1500538671132,1496.0,-330.75,-528.5
2,1500538671136,1496.0,-330.75,-529.0
2,1500538671139,1496.0,-330.75,-528.5
2,1500538671192,1496.0,-331.0,-529.0
2,1500538671195,1496.0,-330.75,-529.5
2,1500538671198,1496.0,-330.75,-530.0
2,1500538671253,1496.0,-331.0,-529.0
2,1500538671256,1496.0,-330.75,-529.5
2,1500538671260,1496.0,-330.5,-529.0
2,1500538671314,1496.0,-331.25,-528.0
2,1500538671318,1496.0,-330.5,-529.5
2,1500538671320,1496.0,-330.75,-528.5
2,1500538671378,1496.0,-331.25,-528.5
2,1500538671382,1496.0,-330.75,-529.0
2,1500538671385,1496.0,-331.25,-528.5
2,1500538671436,1496.0,-331.0,-529.0
2,1500538671440,1496.0,-330.5,-529.5
2,1500538671443,1496.0,-330.5,-529.0
2,1500538671496,1496.0,-330.5,-529.5
2,1500538671500,1496.0,-330.5,-529.5
2,1500538671503,1496.0,-330.5,-529.0
2,1500538671559,1496.0,-331.0,-528.0
2,1500538671563,1496.0,-330.75,-529.5
2,1500538671566,1496.0,-330.75,-529.0
2,1500538671618,1496.0,-330.75,-529.0
2,1500538671622,1496.0,-330.5,-529.5
2,1500538671624,1496.0,-331.25,-528.5
2,1500538671679,1496.0,-330.5,-529.0
2,1500538671683,1496.0,-330.5,-529.0
2,1500538671685,1496.0,-331.0,-528.5
2,1500538671739,1496.0,-330.5,-529.5
2,1500538671745,1496.0,-330.75,-529.5
2,1500538671747,1496.0,-331.0,-529.5
2,1500538671799,1496.0,-331.0,-529.0
2,1500538671805,1496.0,-330.75,-529.0
2,1500538671807,1496.0,-331.25,-529.0
2,1500538671860,1496.0,-331.25,-528.0
2,1500538671865,1496.0,-330.75,-529.5
2,1500538671867,1496.0,-330.25,-529.0
2,1500538671921,1496.0,-331.25,-528.5
2,1500538671925,1496.0,-330.75,-529.0
2,1500538671927,1496.0,-331.0,-528.5
2,1500538671982,1496.0,-330.5,-529.0
2,1500538671986,1496.0,-330.75,-529.5
2,1500538671990,1496.0,-330.0,-529.5
2,1500538672042,1496.0,-331.0,-528.5
2,1500538672046,1496.0,-330.5,-529.5
2,1500538672049,1496.0,-330.75,-528.0
2,1500538672112,1495.0,-330.75,-529.0
2,1500538672117,1496.0,-330.5,-529.5
2,1500538672119,1496.0,-330.75,-528.5
2,1500538672164,1496.0,-331.0,-528.5
2,1500538672170,1496.0,-330.5,-529.0
2,1500538672173,1496.0,-330.25,-529.0
2,1500538672225,1495.0,-331.0,-528.5
2,1500538672228,1496.0,-330.75,-528.5
2,1500538672231,1496.0,-331.25,-528.0
2,1500538672285,1496.0,-330.75,-528.0
2,1500538672291,1496.0,-330.5,-529.0
2,1500538672293,1496.0,-330.25,-528.5
2,1500538672350,1496.0,-330.75,-528.5
2,1500538672353,1496.0,-330.5,-528.5
2,1500538672355,1496.0,-330.75,-528.5
2,1500538672407,1496.0,-330.75,-529.0
2,1500538672411,1496.0,-331.0,-529.0
2,1500538672414,1496.0,-331.0,-528.5
2,1500538672469,1496.0,-331.25,-528.5
2,1500538672471,1496.0,-330.75,-529.5
2,1500538672474,1496.0,-330.0,-528.5
2,1500538672530,1496.0,-331.25,-528.5
2,1500538672534,1496.0,-330.5,-529.0
2,1500538672538,1496.0,-331.0,-528.0
2,1500538672589,1496.0,-330.5,-528.5
2,1500538672593,1496.0,-330.25,-529.0
2,1500538672596,1496.0,-331.25,-528.5
2,1500538672649,1496.0,-331.0,-528.5
2,1500538672662,1496.0,-330.5,-529.5
2,1500538672665,1496.0,-330.75,-528.5
2,1500538672714,1496.0,-330.5,-528.5
2,1500538672719,1496.0,-330.5,-529.5
2,1500538672723,1496.0,-330.25,-529.0
2,1500538672771,1496.0,-331.0,-528.5
2,1500538672775,1496.0,-330.5,-529.5
2,1500538672777,1496.0,-330.0,-529.5
2,1500538672832,1496.0,-331.0,-528.0
2,1500538672836,1496.0,-330.5,-529.0
2,1500538672840,1496.0,-331.25,-528.0
2,1500538672892,1495.0,-331.25,-528.5
2,1500538672896,1496.0,-330.75,-530.5
2,1500538672899,1496.0,-331.0,-529.5
2,1500538672953,1496.0,-331.5,-529.0
2,1500538672958,1496.0,-331.25,-530.0
2,1500538672963,1496.0,-331.75,-529.5
2,1500538673015,1496.0,-331.75,-528.5
2,1500538673020,1496.0,-331.5,-530.0
2,1500538673023,1495.0,-331.75,-529.5
2,1500538673075,1495.0,-332.5,-529.5
2,1500538673079,1495.0,-331.75,-530.0
2,1500538673081,1496.0,-331.75,-529.5
2,1500538673136,1495.0,-332.75,-529.0
2,1500538673139,1495.0,-332.25,-530.0
2,1500538673142,1496.0,-332.0,-529.5
2,1500538673198,1495.0,-332.75,-528.5
2,1500538673202,1496.0,-331.5,-529.5
2,1500538673205,1496.0,-331.0,-528.0
2,1500538673257,1496.0,-331.25,-527.5
2,1500538673261,1496.0,-330.0,-528.0
2,1500538673263,1494.0,-330.5,-526.0
2,1500538673318,1495.0,-329.75,-526.0
2,1500538673322,1497.0,-329.0,-527.0
2,1500538673325,1499.0,-328.75,-526.0
2,1500538673379,1501.0,-330.5,-526.0
2,1500538673383,1503.0,-330.75,-528.5
2,1500538673385,1502.0,-330.5,-527.0
2,1500538673439,1500.0,-329.5,-526.0
2,1500538673443,1499.0,-329.0,-526.0
2,1500538673446,1498.0,-329.25,-524.5
2,1500538673500,1497.0,-329.25,-525.0
2,1500538673503,1498.0,-328.5,-527.5
2,1500538673506,1499.0,-329.75,-525.5
2,1500538673561,1500.0,-330.25,-526.0
2,1500538673564,1501.0,-329.5,-527.0
2,1500538673568,1500.0,-330.0,-525.5
2,1500538673622,1500.0,-329.5,-526.5
2,1500538673625,1499.0,-329.5,-526.0
2,1500538673628,1499.0,-329.25,-525.5
2,1500538673682,1499.0,-329.75,-525.5
2,1500538673686,1500.0,-329.25,-527.0
2,1500538673689,1500.0,-330.0,-525.5
2,1500538673743,1500.0,-329.5,-526.0
2,1500538673747,1500.0,-329.25,-526.5
2,1500538673749,1500.0,-329.75,-525.5
2,1500538673804,1499.0,-329.25,-526.5
2,1500538673808,1500.0,-329.0,-526.5
2,1500538673810,1500.0,-329.5,-526.0
2,1500538673864,1500.0,-329.5,-526.0
2,1500538673867,1500.0,-329.5,-526.5
2,1500538673870,1499.0,-329.75,-526.0
2,1500538673925,1499.0,-329.75,-525.5
2,1500538673929,1500.0,-329.0,-527.0
2,1500538673932,1500.0,-328.75,-526.0
2,1500538673986,1499.0,-329.75,-526.0
2,1500538673989,1499.0,-329.25,-527.0
2,1500538673992,1499.0,-329.75,-525.5
2,1500538674047,1499.0,-330.0,-525.5
2,1500538674050,1499.0,-329.25,-526.5
2,1500538674053,1500.0,-329.75,-525.5
2,1500538674107,1500.0,-329.25,-526.0
2,1500538674111,1499.0,-329.25,-526.5
2,1500538674114,1500.0,-329.5,-526.0
2,1500538674168,1499.0,-329.5,-526.0
2,1500538674172,1499.0,-329.25,-526.5
2,1500538674175,1500.0,-329.5,-526.0
2,1500538674229,1499.0,-329.25,-526.0
2,1500538674233,1500.0,-329.25,-526.5
2,1500538674236,1500.0,-329.25,-526.0
2,1500538674290,1500.0,-329.75,-525.5
2,1500538674293,1500.0,-329.25,-526.0
2,1500538674296,1500.0,-329.25,-526.0
2,1500538674350,1499.0,-330.0,-525.5
2,1500538674354,1500.0,-329.25,-526.5
2,1500538674356,1499.0,-329.75,-525.0
2,1500538674411,1499.0,-329.5,-525.5
2,1500538674415,1500.0,-329.25,-526.5
2,1500538674418,1500.0,-329.0,-526.5
2,1500538674472,1500.0,-329.75,-526.0
2,1500538674477,1500.0,-329.25,-526.5
2,1500538674480,1499.0,-329.25,-526.0
2,1500538674533,1500.0,-329.25,-525.5
2,1500538674537,1500.0,-329.25,-526.5
2,1500538674552,1499.0,-329.75,-526.0
2,1500538674573,1499.0,-329.75,-525.5
2,1500538674581,1500.0,-329.0,-526.0
2,1500538674634,1500.0,-329.0,-526.0
2,1500538674637,1500.0,-329.25,-526.5
2,1500538674643,1500.0,-329.0,-526.5
2,1500538674695,1500.0,-329.75,-525.0
2,1500538674697,1500.0,-329.25,-526.5
2,1500538674699,1500.0,-329.75,-525.5
2,1500538674755,1500.0,-329.75,-526.0
2,1500538674757,1500.0,-329.5,-526.0
2,1500538674760,1500.0,-329.5,-526.0
2,1500538674816,1500.0,-329.75,-526.0
2,1500538674818,1500.0,-329.0,-527.0
2,1500538674821,1500.0,-329.75,-525.0
2,1500538674877,1500.0,-329.0,-526.5
2,1500538674880,1499.0,-329.0,-527.0
2,1500538674882,1499.0,-329.5,-526.0
2,1500538674937,1500.0,-329.5,-526.0
2,1500538674940,1500.0,-328.75,-527.0
2,1500538674943,1499.0,-329.5,-525.5
2,1500538674998,1500.0,-329.75,-525.0
2,1500538675001,1499.0,-329.0,-526.5
2,1500538675005,1499.0,-329.5,-525.0
2,1500538675059,1499.0,-329.75,-525.5
2,1500538675065,1500.0,-329.0,-527.0
2,1500538675067,1500.0,-329.25,-525.5
2,1500538675120,1499.0,-329.5,-526.0
2,1500538675126,1499.0,-329.0,-527.0
2,1500538675127,1499.0,-329.5,-526.0
2,1500538675182,1499.0,-329.25,-526.0
2,1500538675186,1500.0,-329.25,-526.5
2,1500538675188,1500.0,-329.5,-526.0
2,1500538675242,1499.0,-329.75,-525.5
2,1500538675248,1500.0,-328.75,-527.5
2,1500538675249,1500.0,-329.25,-525.5
2,1500538675303,1499.0,-329.75,-525.5
2,1500538675308,1499.0,-329.25,-526.5
2,1500538675310,1499.0,-329.75,-525.5
2,1500538675364,1499.0,-329.25,-526.5
2,1500538675369,1499.0,-329.5,-526.0
2,1500538675371,1500.0,-329.25,-526.0
2,1500538675424,1499.0,-329.5,-526.0
2,1500538675429,1499.0,-329.25,-526.5
2,1500538675432,1499.0,-329.25,-526.5
2,1500538675485,1499.0,-329.25,-525.5
2,1500538675490,1499.0,-329.25,-526.5
2,1500538675492,1499.0,-329.5,-525.5
2,1500538675546,1500.0,-329.75,-525.5
2,1500538675551,1499.0,-329.0,-527.0
2,1500538675553,1500.0,-329.25,-526.0
2,1500538675607,1499.0,-329.75,-525.5
2,1500538675612,1499.0,-329.0,-526.5
2,1500538675613,1499.0,-329.75,-525.0
2,1500538675668,1499.0,-329.25,-526.0
2,1500538675673,1499.0,-329.25,-526.5
2,1500538675675,1499.0,-329.0,-525.5
2,1500538675729,1500.0,-329.5,-526.0
2,1500538675734,1499.0,-329.25,-525.5
2,1500538675736,1499.0,-329.5,-525.5
2,1500538675791,1499.0,-329.25,-526.0
2,1500538675797,1499.0,-329.0,-526.5
2,1500538675803,1499.0,-329.5,-525.5
2,1500538675852,1499.0,-329.5,-525.0
2,1500538675857,1499.0,-329.0,-526.5
2,1500538675862,1499.0,-329.5,-525.5
2,1500538675913,1499.0,-329.0,-525.5
2,1500538675918,1499.0,-328.5,-526.5
2,1500538675921,1500.0,-328.75,-526.5
2,1500538675973,1499.0,-328.75,-527.0
2,1500538675978,1500.0,-328.75,-526.5
2,1500538675989,1500.0,-328.75,-526.0
2,1500538676034,1500.0,-328.25,-527.0
2,1500538676039,1499.0,-328.5,-526.5
2,1500538676045,1499.0,-328.75,-526.5
2,1500538676094,1499.0,-328.75,-526.0
2,1500538676106,1499.0,-328.75,-526.5
2,1500538676110,1500.0,-328.5,-526.5
2,1500538676154,1499.0,-329.0,-526.0
2,1500538676157,1499.0,-328.75,-526.5
2,1500538676160,1500.0,-329.0,-526.5
2,1500538676215,1499.0,-328.75,-526.0
2,1500538676218,1499.0,-328.75,-527.5
2,1500538676220,1500.0,-329.25,-526.0
2,1500538676276,1499.0,-329.25,-526.5
2,1500538676279,1499.0,-328.75,-527.5
2,1500538676281,1499.0,-329.0,-526.0
2,1500538676337,1499.0,-329.25,-525.5
2,1500538676339,1499.0,-328.75,-527.0
2,1500538676341,1499.0,-329.25,-526.5
2,1500538676398,1499.0,-329.5,-526.0
2,1500538676400,1500.0,-328.75,-527.0
2,1500538676403,1500.0,-328.75,-526.0
2,1500538676458,1499.0,-329.5,-525.0
2,1500538676461,1499.0,-328.5,-527.0
2,1500538676464,1499.0,-329.5,-525.5
2,1500538676519,1499.0,-329.5,-525.0
2,1500538676522,1499.0,-329.0,-526.5
2,1500538676524,1499.0,-329.5,-525.0
2,1500538676581,1499.0,-329.5,-526.0
2,1500538676585,1499.0,-328.75,-527.5
2,1500538676587,1499.0,-329.0,-526.0
2,1500538676641,1499.0,-329.5,-525.5
2,1500538676644,1499.0,-329.0,-526.0
2,1500538676648,1499.0,-329.5,-526.0
2,1500538676702,1499.0,-329.75,-525.5
2,1500538676705,1499.0,-329.5,-526.0
2,1500538676709,1499.0,-329.25,-525.5
2,1500538676763,1499.0,-329.75,-525.0
2,1500538676766,1499.0,-329.25,-526.0
2,1500538676769,1499.0,-329.0,-526.5
2,1500538676824,1499.0,-329.5,-526.0
2,1500538676827,1499.0,-329.25,-526.0
2,1500538676831,1499.0,-329.5,-525.0
2,1500538676885,1499.0,-329.5,-525.5
2,1500538676888,1499.0,-329.25,-526.0
2,1500538676892,1499.0,-328.75,-525.5
2,1500538676946,1499.0,-329.0,-524.5
2,1500538676950,1500.0,-328.25,-525.5
2,1500538676953,1501.0,-327.25,-524.0
2,1500538677006,1502.0,-325.5,-523.5
2,1500538677009,1501.0,-326.25,-523.5
2,1500538677015,1499.0,-328.5,-523.5
2,1500538677071,1498.0,-327.75,-522.0
2,1500538677074,1503.0,-324.0,-522.5
2,1500538677075,1503.0,-323.5,-521.5
